0.
0.5
0.01
0.5
0.02
0.5
0.03
0.5
0.04
0.5
0.05
0.5
0.06
0.5
0.07
0.5
0.08
0.5
0.09
0.5
0.1
0.5
0.11
0.5
0.12
0.5
0.13
0.5
0.14
0.5
0.15
0.5
0.16
0.5
0.17
0.5
0.18
0.5
0.19
0.5
0.2
0.5
0.21
0.5
0.22
0.5
0.23
0.5
0.24
0.5
0.25
0.5
0.26
0.5
0.27
0.5
0.28
0.5
0.29
0.5
0.3
0.5
0.31
0.5
0.32
0.5
0.33
0.5
0.34
0.5
0.35000000000000003
0.5
0.36
0.5
0.37
0.5
0.38
0.5
0.39
0.5
0.4
0.5
0.41000000000000003
0.5
0.42
0.5
0.43
0.5
0.44
0.5
0.45
0.5
0.46
0.5
0.47000000000000003
0.5
0.48
0.5
0.49
0.5
0.5
0.5
0.51
0.5
0.52
0.5
0.53
0.5
0.54
0.5
0.55
0.5
0.56
0.5
0.5700000000000001
0.5
0.58
0.5
0.59
0.5
0.6
0.5
0.61
0.5
0.62
0.5
0.63
0.5
0.64
0.5
0.65
0.5
0.66
0.5
0.67
0.5
0.68
0.5
0.6900000000000001
0.5
0.7000000000000001
0.5
0.71
0.5
0.72
0.5
0.73
0.5
0.74
0.5
0.75
0.5
0.76
0.5
0.77
0.5
0.78
0.5
0.79
0.5
0.8
0.5
0.81
0.5
0.8200000000000001
0.5
0.8300000000000001
0.5
0.84
0.5
0.85
0.5
0.86
0.5
0.87
0.5
0.88
0.5
0.89
0.5
0.9
0.5
0.91
0.5
0.92
0.5
0.93
0.5
0.9400000000000001
0.5
0.9500000000000001
0.5
0.96
0.5
0.97
0.5
0.98
0.5
0.99
0.5
1.
0.5
1.01
0.5701853805879101
1.02
0.5985281923639303
1.03
0.6197957541675055
1.04
0.6373351620873626
1.05
0.6524553389864964
1.06
0.6658339229362921
1.07
0.6778772552399466
1.08
0.6888525745775106
1.09
0.6989472334146922
1.1
0.7082988952252656
1.11
0.7170124228909173
1.12
0.7251700038021159
1.1300000000000001
0.7328375595915553
1.1400000000000001
0.7400689856737546
1.1500000000000001
0.7469090585130554
1.16
0.7533954906327425
1.17
0.7595604211805165
1.18
0.7654315214129801
1.19
0.7710328306364729
1.2
0.7763853991962834
1.21
0.7815077905826628
1.22
0.7864164788468221
1.23
0.7911261669885183
1.24
0.7956500448358607
1.25
0.8
1.26
0.8041867920116953
1.27
0.8082201972606273
1.28
0.8121091305537216
1.29
0.815861747781075
1.3
0.8194855331891567
1.31
0.8229873740158784
1.32
0.8263736246748185
1.33
0.8296501622396675
1.34
0.8328224346414591
1.35
0.8358955027262418
1.36
0.8388740771118504
1.37
0.8417625506163349
1.3800000000000001
0.8445650268976447
1.3900000000000001
0.8472853458370446
1.4000000000000001
0.8499271061118826
1.41
0.8524936853324974
1.42
0.8549882580599595
1.43
0.8574138119734438
1.44
0.8597731624163505
1.45
0.8620689655172413
1.46
0.8643037300540328
1.47
0.8664798282066717
1.48
0.868599505323942
1.49
0.8706648888134781
1.5
0.8726779962499649
1.51
0.8746407427844922
1.52
0.8765549479277417
1.53
0.8784223417708512
1.54
0.8802445707001909
1.55
0.88202320265571
1.56
0.8837597319768145
1.57
0.885455583874782
1.58
0.8871121185664058
1.59
0.8887306350997879
1.6
0.8903123748998999
1.61
0.8918585250586291
1.62
0.893370221391477
1.6300000000000001
0.8948485512808271
1.6400000000000001
0.8962945563237055
1.6500000000000001
0.8977092348002027
1.6600000000000001
0.8990935439771539
1.67
0.9004484022602877
1.68
0.9017746912068144
1.69
0.9030732574093152
1.7
0.9043449142608094
1.71
0.9055904436099852
1.72
0.9068105973147884
1.73
0.9080060987018467
1.74
0.9091776439385646
1.75
0.9103259033241449
1.76
0.9114515225052653
1.77
0.912555123621672
1.78
0.9136373063865161
1.79
0.9146986491058755
1.8
0.915739709641549
1.81
0.9167610263208892
1.82
0.9177631187971509
1.83
0.9187464888635617
1.84
0.9197116212240831
1.85
0.9206589842236048
1.86
0.9215890305401149
1.87
0.9225021978412014
1.8800000000000001
0.9233989094070723
1.8900000000000001
0.9242795747221224
1.9000000000000001
0.9251445900369345
1.9100000000000001
0.9259943389024698
1.92
0.9268291926780807
1.93
0.9276495110148679
1.94
0.9284556423158011
1.95
0.9292479241739284
1.96
0.9300266837899077
1.97
0.9307922383700193
1.98
0.931544895505737
1.99
0.9322849535358694
2.
0.9330127018922193
0.
0.5000000000070114
0.01
0.500049985002919
0.02
0.5000999999492854
0.03
0.5001500748025663
0.04
0.5002002397177313
0.05
0.5002505249791642
0.06
0.5003009611214277
0.07
0.5003515789892079
0.08
0.5004024097838076
0.09
0.5004534851441326
0.1
0.5005048372066225
0.11
0.5005564986733781
0.12
0.5006085028829581
0.13
0.5006608838909663
0.14
0.5007136765399209
0.15
0.5007669165444393
0.16
0.5008206405912201
0.17
0.5008748863354838
0.18
0.5009296926964159
0.19
0.5009850997261163
0.2
0.5010411488807504
0.21
0.5010978830348817
0.22
0.5011553466345968
0.23
0.5012135858649959
0.24
0.5012726487135025
0.25
0.5013325851637307
0.26
0.5013934473143252
0.27
0.5014552895907893
0.28
0.5015181688874243
0.29
0.5015821447730037
0.3
0.5016472797166153
0.31
0.5017136390288448
0.32
0.501781292454363
0.33
0.5018503117174351
0.34
0.5019207735545428
0.35000000000000003
0.501992758676716
0.36
0.5020663522720498
0.37
0.5021416446436768
0.38
0.5022187313084172
0.39
0.5022977135734572
0.4
0.5023786992623229
0.41000000000000003
0.5024618025897397
0.42
0.5025471455521119
0.43
0.5026348581493034
0.44
0.5027250790826351
0.45
0.5028179567431461
0.46
0.5029136499259422
0.47000000000000003
0.5030123289875225
0.48
0.5031141767002268
0.49
0.5032193908197615
0.5
0.5033281790053745
0.51
0.5034407749705642
0.52
0.5035574221535679
0.53
0.5036783883309004
0.54
0.5038039623482428
0.55
0.5039344583553917
0.56
0.5040702178354798
0.5700000000000001
0.5042116128303328
0.58
0.5043590494715602
0.59
0.5045129719320692
0.6
0.5046738669423013
0.61
0.5048422693548393
0.62
0.505018767305685
0.63
0.5052040098226783
0.64
0.5053987143692144
0.65
0.5056036766188462
0.66
0.5058197797139314
0.67
0.5060480079860689
0.68
0.5062894608295097
0.6900000000000001
0.5065453696041259
0.7000000000000001
0.5068171175669477
0.71
0.5071062632948391
0.72
0.5074145684588176
0.73
0.5077440304364857
0.74
0.5080969226152147
0.75
0.5084758396720317
0.76
0.5088837552566856
0.77
0.5093240893927802
0.78
0.5098007900144734
0.79
0.5103184320752301
0.8
0.51088234151966
0.81
0.5114987420190342
0.8200000000000001
0.5121749078660764
0.8300000000000001
0.5129194516000949
0.84
0.5137425117334775
0.85
0.5146561370293874
0.86
0.5156746554433554
0.87
0.5168151946303687
0.88
0.5180982428266773
0.89
0.5195483724053389
0.9
0.521195069679872
0.91
0.5230736596185855
0.92
0.5252265149407217
0.93
0.5277040162836181
0.9400000000000001
0.5305657403202392
0.9500000000000001
0.5338812961413643
0.96
0.5377306243709074
0.97
0.5422032896282856
0.98
0.5473961098949379
0.99
0.5534083589683129
1.
0.5603337852350928
1.01
0.5682490098536022
1.02
0.5771986988168322
1.03
0.5871792585808654
1.04
0.5981244678065113
1.05
0.6098977280648862
1.06
0.6222954647265955
1.07
0.635063738377853
1.08
0.6479260118350255
1.09
0.6606157591604062
1.1
0.6729056186627443
1.11
0.6846264009941984
1.12
0.6956732317198123
1.1300000000000001
0.7060004186141268
1.1400000000000001
0.7156092288581852
1.1500000000000001
0.724533327485456
1.16
0.7328250289808688
1.17
0.7405443115077641
1.18
0.7477533427495096
1.19
0.7545082269009677
1.2
0.760860710470194
1.21
0.7668555571664766
1.22
0.7725311591379536
1.23
0.7779201695848155
1.24
0.7830502803241395
1.25
0.7879450683325973
1.26
0.7926246615615313
1.27
0.7971064293681204
1.28
0.8014054295736015
1.29
0.8055348382375151
1.3
0.8095063083646888
1.31
0.8133301657130003
1.32
0.8170155492194369
1.33
0.8205711512398726
1.34
0.8240041769498683
1.35
0.8273216002204618
1.36
0.8305296801217703
1.37
0.833634228460697
1.3800000000000001
0.8366404986256026
1.3900000000000001
0.8395534048845579
1.4000000000000001
0.8423774765182133
1.41
0.8451169226989959
1.42
0.8477756609975755
1.43
0.8503573851473116
1.44
0.8528653949304649
1.45
0.8553030310214467
1.46
0.8576731717043182
1.47
0.8599786265170766
1.48
0.8622221523526046
1.49
0.8644061137826113
1.5
0.8665329233988983
1.51
0.8686047797899585
1.52
0.8706238235644512
1.53
0.8725920133288947
1.54
0.8745112793032085
1.55
0.8763833129798415
1.56
0.8782099014427853
1.57
0.8799926053315442
1.58
0.8817329779515803
1.59
0.8834324728992287
1.6
0.8850924332862421
1.61
0.8867143144773997
1.62
0.8882992707209908
1.6300000000000001
0.8898485251440325
1.6400000000000001
0.8913632830354792
1.6500000000000001
0.8928445322924979
1.6600000000000001
0.8942934552649662
1.67
0.8957110145977414
1.68
0.8970981798499958
1.69
0.8984558627292887
1.7
0.8997849667074743
1.71
0.9010863530117827
1.72
0.9023608493452779
1.73
0.9036092220939116
1.74
0.9048322506330211
1.75
0.9060306315879054
1.76
0.9072050945942134
1.77
0.9083562782358767
1.78
0.9094848634848298
1.79
0.9105914642795541
1.8
0.9116766851060873
1.81
0.9127411000750167
1.82
0.9137852529975403
1.83
0.9148097382150605
1.84
0.9158150161466716
1.85
0.9168016092052622
1.86
0.9177700072650945
1.87
0.9187206647154151
1.8800000000000001
0.9196540687891859
1.8900000000000001
0.9205706114499281
1.9000000000000001
0.9214707554152222
1.9100000000000001
0.9223548786840956
1.92
0.9232234048625624
1.93
0.9240766659371678
1.94
0.9249151102641084
1.95
0.9257390074182336
1.96
0.9265487623116897
1.97
0.9273447804845611
1.98
0.9281272036871614
1.99
0.9288980569873733
2.
0.9296529320040785
0.
0.4999999999587227
0.01
0.500198747285715
0.02
0.5003976098168609
0.03
0.5005967029648056
0.04
0.5007961426031862
0.05
0.500996045114871
0.06
0.5011965279316984
0.07
0.5013977094143205
0.08
0.5015997092647837
0.09
0.5018026489456554
0.1
0.5020066509651853
0.11
0.5022118405112036
0.12
0.5024183447514917
0.13
0.5026262935835368
0.14
0.5028358107151325
0.15
0.5030470573730856
0.16
0.5032601467297223
0.17
0.5034752298841648
0.18
0.5036924531098124
0.19
0.5039119671270853
0.2
0.5041339271122532
0.21
0.5043584933262668
0.22
0.5045858321210502
0.23
0.5048161133489845
0.24
0.505049515185899
0.25
0.5052862208583655
0.26
0.5055264234606174
0.27
0.5057703209570836
0.28
0.5060181202740223
0.29
0.5062700370164276
0.3
0.5065262975281445
0.31
0.5067871355825305
0.32
0.5070527975167881
0.33
0.5073235398240232
0.34
0.5075996275261548
0.35000000000000003
0.5078813627329082
0.36
0.5081690208760774
0.37
0.5084629212470994
0.38
0.5087633915974346
0.39
0.5090707775363669
0.4
0.5093854424503013
0.41000000000000003
0.5097077698003065
0.42
0.5100381641448167
0.43
0.5103770529112202
0.44
0.5107248879223617
0.45
0.5110821465624433
0.46
0.5114493353211167
0.47000000000000003
0.5118269894248088
0.48
0.5122156777819127
0.49
0.5126160031516863
0.5
0.5130286059122587
0.51
0.5134541662777493
0.52
0.5138934077913722
0.53
0.5143471016210402
0.54
0.5148160628604767
0.55
0.5153011683920163
0.56
0.5158033493092338
0.5700000000000001
0.5163235969557217
0.58
0.5168629717446507
0.59
0.5174226042591306
0.6
0.5180037031800239
0.61
0.5186075617238626
0.62
0.5192355604483646
0.63
0.5198891786326015
0.64
0.5205699957077164
0.65
0.5212797049919877
0.66
0.5220201194056994
0.67
0.5227931790389114
0.68
0.5236009622179236
0.6900000000000001
0.5244456949990488
0.7000000000000001
0.5253297610801508
0.71
0.526255712741231
0.72
0.527226282802617
0.73
0.5282443956205276
0.74
0.5293131796176018
0.75
0.5304359786737527
0.76
0.5316163649586219
0.77
0.5328581530518718
0.78
0.5341654037136639
0.79
0.535542454752062
0.8
0.5369938990569615
0.81
0.538524624012217
0.8200000000000001
0.5401398021895888
0.8300000000000001
0.5418448990748029
0.84
0.5436456689923008
0.85
0.5455481786577474
0.86
0.5475587438204971
0.87
0.5496839714103962
0.88
0.5519307099985934
0.89
0.5543060254774287
0.9
0.5568171635486364
0.91
0.5594714959459769
0.92
0.5622764607344548
0.93
0.5652394966257843
0.9400000000000001
0.5683679322054843
0.9500000000000001
0.5716689016845727
0.96
0.575149209870814
0.97
0.5788152057614829
0.98
0.5826726270465614
0.99
0.5867264377915193
1.
0.5909806571287123
1.01
0.595438171512758
1.02
0.6001005538054196
1.03
0.6049678846156183
1.04
0.6100385748944801
1.05
0.615309213195823
1.06
0.6207744389029877
1.07
0.6264268420033214
1.08
0.6322569099394224
1.09
0.6382530218421393
1.1
0.6444014885981824
1.11
0.6506866712003058
1.12
0.6570911376343022
1.1300000000000001
0.6635958755369887
1.1400000000000001
0.6701805746890583
1.1500000000000001
0.6768239460971847
1.16
0.6835040693382277
1.17
0.6901987267078181
1.18
0.6968859124128557
1.19
0.7035439921310067
1.2
0.7101522464084212
1.21
0.7166911006997757
1.22
0.7231423975301581
1.23
0.7294896591850752
1.24
0.7357182152195558
1.25
0.7418153178286455
1.26
0.7477702217552074
1.27
0.7535741540325391
1.28
0.7592202812415183
1.29
0.764703621043548
1.3
0.7700209162079192
1.31
0.7751704957003782
1.32
0.7801521136118112
1.33
0.7849667828553544
1.34
0.789616583702232
1.35
0.7941045061241098
1.36
0.7984343739940863
1.37
0.8026104786162911
1.3800000000000001
0.8066376525877511
1.3900000000000001
0.8105210583259773
1.4000000000000001
0.814266071966357
1.41
0.8178780549470888
1.42
0.8213630076873861
1.43
0.8247260277747461
1.44
0.8279727097375198
1.45
0.8311084128176056
1.46
0.8341383259163605
1.47
0.837067455330261
1.48
0.8399006157837234
1.49
0.8426424099742806
1.5
0.845297221592131
1.51
0.8478692173731588
1.52
0.8503623504196924
1.53
0.8527803520296336
1.54
0.8551267500166067
1.55
0.8574048659579464
1.56
0.8596179370355657
1.57
0.8617686065322622
1.58
0.8638599648707541
1.59
0.8658944988035241
1.6
0.8678746874581332
1.61
0.8698028035543122
1.62
0.8716810461756517
1.6300000000000001
0.873511467318215
1.6400000000000001
0.8752959914076173
1.6500000000000001
0.8770364270179614
1.6600000000000001
0.8787344951438519
1.67
0.8803918067132609
1.68
0.8820100702944427
1.69
0.883590208988433
1.7
0.8851341070751089
1.71
0.886642961431535
1.72
0.8881178186716292
1.73
0.8895600107693618
1.74
0.8909705828260585
1.75
0.8923506053786363
1.76
0.8937010758516384
1.77
0.8950229552504656
1.78
0.8963171348541707
1.79
0.8975845037508692
1.8
0.8988258853273987
1.81
0.900042072919319
1.82
0.9012338049383074
1.83
0.9024018659664268
1.84
0.9035468946723915
1.85
0.9046695947056702
1.86
0.9057705554794774
1.87
0.9068505056693916
1.8800000000000001
0.9079098194379989
1.8900000000000001
0.9089492668814652
1.9000000000000001
0.9099693207185122
1.9100000000000001
0.9109705107653885
1.92
0.9119533412069597
1.93
0.9129182956945393
1.94
0.9138658449797952
1.95
0.9147964314946507
1.96
0.9157105099971174
1.97
0.9166084366080555
1.98
0.9174907750701222
1.99
0.918357762117413
2.
0.9192098327046214
0.
0.5000000001908859
0.01
0.5004359144935469
0.02
0.5008720496112463
0.03
0.5013086262733775
0.04
0.5017458661615578
0.05
0.5021839917906866
0.06
0.5026232267059202
0.07
0.5030637950915733
0.08
0.5035059253862197
0.09
0.5039498493496138
0.1
0.5043957891201337
0.11
0.5048439863894816
0.12
0.50529467602322
0.13
0.5057480978740508
0.14
0.5062044961779562
0.15
0.5066641186806413
0.16
0.5071272176588358
0.17
0.5075940497387762
0.18
0.5080648769051574
0.19
0.5085399661677978
0.2
0.5090195905361105
0.21
0.5095040292845966
0.22
0.5099935677196907
0.23
0.5104884984087312
0.24
0.5109891184166224
0.25
0.5114957437381275
0.26
0.5120086819222504
0.27
0.5125282599066098
0.28
0.5130548116438066
0.29
0.5135886800455932
0.3
0.5141302184580423
0.31
0.5146797906499927
0.32
0.5152377716286893
0.33
0.5158045488097599
0.34
0.5163805185933721
0.35000000000000003
0.5169660949483929
0.36
0.5175617020915426
0.37
0.5181677789480457
0.38
0.5187847787924416
0.39
0.519413168371615
0.4
0.5200534350966455
0.41000000000000003
0.5207060834896838
0.42
0.5213716240491884
0.43
0.5220505968812676
0.44
0.5227435551781653
0.45
0.5234510735927275
0.46
0.5241737449981511
0.47000000000000003
0.524912185527981
0.48
0.5256670305250745
0.49
0.5264389381941521
0.5
0.5272285897655522
0.51
0.5280366900496846
0.52
0.5288639673655943
0.53
0.5297111766909505
0.54
0.5305790963966184
0.55
0.5314685360964423
0.56
0.5323803297730052
0.5700000000000001
0.5333153342800517
0.58
0.5342744417442176
0.59
0.5352585708633232
0.6
0.5362686679472712
0.61
0.5373057127754688
0.62
0.5383707030358135
0.63
0.5394647029104148
0.64
0.5405887536924476
0.65
0.5417439641921189
0.66
0.5429314639179349
0.67
0.5441524108633433
0.68
0.5454079947244073
0.6900000000000001
0.5466994288905752
0.7000000000000001
0.5480279752301116
0.71
0.5493948927808103
0.72
0.5508014870214359
0.73
0.5522490821052535
0.74
0.5537390276058104
0.75
0.5552726934339259
0.76
0.5568514648215107
0.77
0.5584767473955695
0.78
0.5601499532583037
0.79
0.5618725125263095
0.8
0.5636458537686646
0.81
0.56547140846017
0.8200000000000001
0.5673506070261584
0.8300000000000001
0.5692848665034522
0.84
0.5712755919820894
0.85
0.573324166962329
0.86
0.5754319471011053
0.87
0.5776002549068995
0.88
0.5798303671959602
0.89
0.5821235121604383
0.9
0.5844808588402979
0.91
0.5869035070002699
0.92
0.5893924782641122
0.93
0.5919487057747337
0.9400000000000001
0.5945730263402367
0.9500000000000001
0.5972661563849913
0.96
0.6000287307825772
0.97
0.6028612004190376
0.98
0.6057639102477099
0.99
0.6087370427800647
1.
0.6117806236718475
1.01
0.6148945004481807
1.02
0.6180783416439752
1.03
0.6213316226620976
1.04
0.6246536197453354
1.05
0.6280434021974629
1.06
0.6314998294971731
1.07
0.6350215204281483
1.08
0.6386069044882977
1.09
0.6422541590889049
1.1
0.6459612464623713
1.11
0.6497259101739348
1.12
0.6535456209292582
1.1300000000000001
0.6574177020536126
1.1400000000000001
0.6613392121843074
1.1500000000000001
0.6653070270394503
1.16
0.6693178170122679
1.17
0.6733680590646518
1.18
0.67745407421731
1.19
0.6815720249504382
1.2
0.6857179366557095
1.21
0.6898877104414365
1.22
0.6940771233368004
1.23
0.6982819212948711
1.24
0.7024977520169862
1.25
0.7067202553809533
1.26
0.7109449901803795
1.27
0.7151676219272918
1.28
0.7193837784585362
1.29
0.7235891682181758
1.3
0.7277795615787803
1.31
0.7319508277767364
1.32
0.7360989432526408
1.33
0.7402200177692044
1.34
0.7443103203929246
1.35
0.7483663389327064
1.36
0.7523844675212346
1.37
0.7563617223403528
1.3800000000000001
0.7602950281297248
1.3900000000000001
0.7641815605484148
1.4000000000000001
0.7680187340230531
1.41
0.7718041740064716
1.42
0.7755357184840563
1.43
0.7792114471805833
1.44
0.782829638051711
1.45
0.7863887809278974
1.46
0.789887596165406
1.47
0.7933250028118299
1.48
0.7967001067416601
1.49
0.8000122231051552
1.5
0.8032608450558429
1.51
0.8064456456062375
1.52
0.8095664502671024
1.53
0.8126232971982961
1.54
0.8156162410062161
1.55
0.8185456476334685
1.56
0.8214118728096109
1.57
0.8242154338703512
1.58
0.8269569775954049
1.59
0.8296371986039421
1.6
0.832256904937148
1.61
0.8348169770826188
1.62
0.8373183596028791
1.6300000000000001
0.8397620553865848
1.6400000000000001
0.8421491169464203
1.6500000000000001
0.8444806389747547
1.6600000000000001
0.8467577470755601
1.67
0.8489816121600896
1.68
0.851153396489897
1.69
0.8532743017026068
1.7
0.8553455311375683
1.71
0.8573682917278334
1.72
0.8593438032153748
1.73
0.8612732736528235
1.74
0.8631578925656925
1.75
0.8649988412904979
1.76
0.8667973232280555
1.77
0.8685544867752508
1.78
0.8702714803899358
1.79
0.8719494137271204
1.8
0.8735894219270068
1.81
0.8751925853609939
1.82
0.8767599311161451
1.83
0.8782925185812267
1.84
0.8797912761799116
1.85
0.8812573470464138
1.86
0.8826915991178305
1.87
0.8840949381809979
1.8800000000000001
0.8854682957590173
1.8900000000000001
0.8868125488300365
1.9000000000000001
0.8881281294996973
1.9100000000000001
0.8894171274218202
1.92
0.8906790800548194
1.93
0.8919151854535683
1.94
0.8931261945010995
1.95
0.8943128343671256
1.96
0.895475787153069
1.97
0.8966157663157863
1.98
0.8977334249283597
1.99
0.8988294194556261
2.
0.8999043036549614
0.
0.4999999998867962
0.01
0.5007257336357775
0.02
0.5014517332515737
0.03
0.502178264803734
0.04
0.502905594644792
0.05
0.5036339895247534
0.06
0.5043637168949805
0.07
0.5050950449153973
0.08
0.5058282428294215
0.09
0.5065635801576281
0.1
0.5073013287582505
0.11
0.5080417613761223
0.12
0.5087851519012077
0.13
0.5095317757090543
0.14
0.5102819115628178
0.15
0.511035838552217
0.16
0.5117938382027951
0.17
0.5125561941880328
0.18
0.5133231924157756
0.19
0.5140951221167581
0.2
0.5148722743575186
0.21
0.5156549432197721
0.22
0.5164434260443936
0.23
0.5172380221031405
0.24
0.5180390347873729
0.25
0.5188467699457687
0.26
0.5196615387174471
0.27
0.520483653052326
0.28
0.5213134300116024
0.29
0.5221511900637285
0.3
0.5229972574019914
0.31
0.5238519602444281
0.32
0.5247156306967969
0.33
0.5255886047702379
0.34
0.5264712227265489
0.35000000000000003
0.527363828897703
0.36
0.5282667718774925
0.37
0.529180404594036
0.38
0.5301050841620071
0.39
0.5310411718979081
0.4
0.5319890336399596
0.41000000000000003
0.5329490398510969
0.42
0.5339215649519878
0.43
0.5349069874128239
0.44
0.5359056904424706
0.45
0.5369180615903745
0.46
0.5379444912520694
0.47000000000000003
0.5389853759283337
0.48
0.540041154303183
0.49
0.541112110411793
0.5
0.5421987703818781
0.51
0.5433015049830578
0.52
0.544420731437125
0.53
0.5455568563900143
0.54
0.5467103094214473
0.55
0.5478815096603655
0.56
0.5490708823874224
0.5700000000000001
0.5502788542283022
0.58
0.551505853723724
0.59
0.5527523104158328
0.6
0.5540186560867117
0.61
0.5553053211843485
0.62
0.5566127373897887
0.63
0.5579413340437843
0.64
0.5592915459421917
0.65
0.5606637972004408
0.66
0.5620585158372889
0.67
0.5634761231338068
0.68
0.564917044594301
0.6900000000000001
0.5663816919716771
0.7000000000000001
0.5678704778543553
0.71
0.5693838075921246
0.72
0.5709220804710368
0.73
0.5724856884054061
0.74
0.5740750159870986
0.75
0.5756904356323705
0.76
0.5773323127365942
0.77
0.5790010004865409
0.78
0.5806968400678144
0.79
0.5824201596246202
0.8
0.5841712725148809
0.81
0.5859504727726081
0.8200000000000001
0.5877580535426632
0.8300000000000001
0.5895942677893712
0.84
0.5914593639269645
0.85
0.59335356640496
0.86
0.5952770791072326
0.87
0.5972300835231305
0.88
0.5992127334802626
0.89
0.6012251693297017
0.9
0.6032674787900737
0.91
0.6053397553544447
0.92
0.6074420386162014
0.93
0.6095743570292852
0.9400000000000001
0.6117366930752414
0.9500000000000001
0.6139290008546464
0.96
0.6161512025200563
0.97
0.6184031463108799
0.98
0.6206848100455972
0.99
0.6229958775798332
1.
0.6253361706543494
1.01
0.6277054352137421
1.02
0.6301034311506103
1.03
0.6325296111460175
1.04
0.6349838087392726
1.05
0.6374655325358453
1.06
0.639974320406353
1.07
0.6425096696058274
1.08
0.6450710341750122
1.09
0.6476578309536192
1.1
0.6502694287853402
1.11
0.652905158917367
1.12
0.6555643138667127
1.1300000000000001
0.6582461403978821
1.1400000000000001
0.6609498492207794
1.1500000000000001
0.6636746110065
1.16
0.6664195610195754
1.17
0.6691837764178431
1.18
0.6719663433067861
1.19
0.6747662816801036
1.2
0.6775825706046444
1.21
0.6804141760386075
1.22
0.6832600340619401
1.23
0.686119038189261
1.24
0.6889900776995719
1.25
0.6918719939324115
1.26
0.6947636241527242
1.27
0.6976637788458144
1.28
0.7005712523182641
1.29
0.7034848287057959
1.3
0.7064032700673407
1.31
0.7093253375420436
1.32
0.7122497801692991
1.33
0.7151753521691205
1.34
0.7181007947208418
1.35
0.72102485479056
1.36
0.7239462815603585
1.37
0.7268638317991065
1.3800000000000001
0.7297762723604605
1.3900000000000001
0.7326823770153645
1.4000000000000001
0.7355809362753304
1.41
0.7384707561210813
1.42
0.741350665171249
1.43
0.7442195025113271
1.44
0.74707614072969
1.45
0.7499194706791221
1.46
0.7527484149727117
1.47
0.7555619212537533
1.48
0.7583589717857853
1.49
0.7611385768950596
1.5
0.7638997835109667
1.51
0.766641672077294
1.52
0.7693633615324725
1.53
0.7720639972158669
1.54
0.7747427801472868
1.55
0.7773989380049828
1.56
0.7800317412070195
1.57
0.7826404997855102
1.58
0.7852245700751252
1.59
0.7877833242796792
1.6
0.7903162138478308
1.61
0.7928227031594199
1.62
0.7953023011009785
1.6300000000000001
0.7977545721717176
1.6400000000000001
0.8001790968038334
1.6500000000000001
0.8025755089423733
1.6600000000000001
0.8049434833547049
1.67
0.8072827238779184
1.68
0.8095930231042743
1.69
0.8118740205327462
1.7
0.8141256839430014
1.71
0.8163478075218344
1.72
0.8185402836384554
1.73
0.8207030245433653
1.74
0.8228359864632068
1.75
0.8249391444797155
1.76
0.8270125038370134
1.77
0.8290561107322205
1.78
0.8310700215152099
1.79
0.8330634162451842
1.8
0.835009146115202
1.81
0.8369346140390436
1.82
0.8388308752115796
1.83
0.840698122164482
1.84
0.8425365483451877
1.85
0.844346367623286
1.86
0.8461278202527512
1.87
0.84788114691144
1.8800000000000001
0.8496066209742136
1.8900000000000001
0.851304507006793
1.9000000000000001
0.852975102600409
1.9100000000000001
0.8546187067327919
1.92
0.8562356308495045
1.93
0.8578261974159599
1.94
0.8593897082539433
1.95
0.8609295791234044
1.96
0.8624430753921735
1.97
0.8639315734528816
1.98
0.865395424694931
1.99
0.8668349951198702
2.
0.868250639873126
0.
0.5000000000390589
0.01
0.5010000350459988
0.02
0.5020002801058167
0.03
0.5030009450398419
0.04
0.5040022401573063
0.05
0.505004375110934
0.06
0.5060075600272987
0.07
0.5070120048688757
0.08
0.5080179195051473
0.09
0.5090255140104362
0.1
0.5100349983896021
0.11
0.511046582119775
0.12
0.5120604753724803
0.13
0.5130768879870676
0.14
0.514096029257282
0.15
0.5151181094165789
0.16
0.5161433376799573
0.17
0.5171719237960051
0.18
0.5182040768371984
0.19
0.5192400070692059
0.2
0.5202799212676467
0.21
0.5213240306601655
0.22
0.5223725432762877
0.23
0.5234256676084502
0.24
0.524483611749822
0.25
0.5255465841033841
0.26
0.526614792177242
0.27
0.5276884431619628
0.28
0.5287677441909019
0.29
0.5298529017926126
0.3
0.5309441219988901
0.31
0.5320416186544968
0.32
0.5331455716638085
0.33
0.534256210401663
0.34
0.5353737298946648
0.35000000000000003
0.5364983334998538
0.36
0.5376302233209763
0.37
0.5387695999238076
0.38
0.5399166637279388
0.39
0.5410716144244991
0.4
0.5422346485103952
0.41000000000000003
0.5434059643664235
0.42
0.5445857569389809
0.43
0.545774220350124
0.44
0.5469715471590391
0.45
0.5481779288379238
0.46
0.5493935539442794
0.47000000000000003
0.5506186103211373
0.48
0.5518532835238963
0.49
0.5530977569613668
0.5
0.5543522121572269
0.51
0.5556168279869637
0.52
0.556891781099503
0.53
0.5581772415924117
0.54
0.5594733918785673
0.55
0.5607803896209724
0.56
0.5620984040793311
0.5700000000000001
0.5634275966077344
0.58
0.5647681264956242
0.59
0.5661201492928589
0.6
0.5674838163014767
0.61
0.5688592754653233
0.62
0.5702466708240845
0.63
0.5716461417773733
0.64
0.5730578237116893
0.65
0.5744818472779557
0.66
0.5759183383717289
0.67
0.5773674435061865
0.68
0.578829200039383
0.6900000000000001
0.5803037999393446
0.7000000000000001
0.5817913202987149
0.71
0.5832918631855422
0.72
0.5848055081405559
0.73
0.5863323586085659
0.74
0.58787249054109
0.75
0.5894259867396769
0.76
0.5909928959604185
0.77
0.5925732786170896
0.78
0.5941672078227905
0.79
0.5957747194423932
0.8
0.5973958527286177
0.81
0.5990306381900155
0.8200000000000001
0.600679099643307
0.8300000000000001
0.6023412538088
0.84
0.6040170996322993
0.85
0.6057066425002797
0.86
0.6074098694001703
0.87
0.6091267610201223
0.88
0.6108572889130611
0.89
0.6126014153529828
0.9
0.6143590935368547
0.91
0.6161302657511479
0.92
0.617914867805239
0.93
0.6197128239744334
0.9400000000000001
0.6215240463688583
0.9500000000000001
0.6233484202632379
0.96
0.6251859049328847
0.97
0.6270363185658887
0.98
0.6288995507731682
0.99
0.6307754743585937
1.
0.6326639398270746
1.01
0.6345647587281462
1.02
0.6364778567057465
1.03
0.6384029612067725
1.04
0.6403399187219916
1.05
0.6422885264747439
1.06
0.6442485768116861
1.07
0.6462198503620498
1.08
0.6482021168164779
1.09
0.6501951355271307
1.1
0.6521986605847622
1.11
0.6542124230875769
1.12
0.6562361599354818
1.1300000000000001
0.6582695927020635
1.1400000000000001
0.6603124234761166
1.1500000000000001
0.6623643674734616
1.16
0.6644251043492926
1.17
0.6664943220506767
1.18
0.6685716941415407
1.19
0.6706568866227579
1.2
0.6727495567022006
1.21
0.6748493531792764
1.22
0.6769559185098364
1.23
0.6790688863339791
1.24
0.6811878847902255
1.25
0.6833125337397573
1.26
0.6854424488069053
1.27
0.6875765420112572
1.28
0.6897165150086257
1.29
0.6918598236689876
1.3
0.6940068168394968
1.31
0.6961570590671069
1.32
0.6983101353853209
1.33
0.7004656233446112
1.34
0.7026230991753016
1.35
0.7047821355632488
1.36
0.706942306328642
1.37
0.7091031778029113
1.3800000000000001
0.7112643170263389
1.3900000000000001
0.7134252908829475
1.4000000000000001
0.7155856649718458
1.41
0.7177450021722389
1.42
0.7199028696291165
1.43
0.7220588329855502
1.44
0.7242124598903326
1.45
0.7263633190289993
1.46
0.7285109830692467
1.47
0.7306550204880975
1.48
0.7327950114452846
1.49
0.7349305342524985
1.5
0.73706117327571
1.51
0.7391865107076334
1.52
0.7413061490489238
1.53
0.7434196749453426
1.54
0.7455266935660652
1.55
0.7476268142609248
1.56
0.749719648574423
1.57
0.7518048176419234
1.58
0.75388194868382
1.59
0.7559506745952136
1.6
0.7580106374570266
1.61
0.7600614839952733
1.62
0.7621028719805276
1.6300000000000001
0.7641344704590676
1.6400000000000001
0.7661559424817384
1.6500000000000001
0.7681669634855236
1.6600000000000001
0.7701672490123359
1.67
0.7721564814032016
1.68
0.7741343764261064
1.69
0.7761006209995633
1.7
0.7780550063802631
1.71
0.7799972137261588
1.72
0.7819270024404661
1.73
0.783844118826101
1.74
0.7857483724873422
1.75
0.787639484229441
1.76
0.7895172615111608
1.77
0.7913815053569038
1.78
0.7932320094847294
1.79
0.7950686072019453
1.8
0.7968911082189909
1.81
0.798699349325033
1.82
0.8004931749563257
1.83
0.8022724433677881
1.84
0.8040370171110754
1.85
0.8057867702838379
1.86
0.8075215837839047
1.87
0.8092413542928003
1.8800000000000001
0.8109459820386642
1.8900000000000001
0.8126353739668495
1.9000000000000001
0.8143094581193415
1.9100000000000001
0.8159681528180577
1.92
0.8176114164849354
1.93
0.8192391764180055
1.94
0.8208514268362573
1.95
0.8224480307697765
1.96
0.8240290610386842
1.97
0.8255944614326491
1.98
0.8271442212151177
1.99
0.8286783333496686
2.
0.8301967983324652
0.
0.49999999997527095
0.01
0.5011854771455623
0.02
0.5023710672548468
0.03
0.503556883080992
0.04
0.5047430374227299
0.05
0.5059296460237236
0.06
0.5071168124189984
0.07
0.5083046578845173
0.08
0.509493291625236
0.09
0.5106828255580292
0.1
0.5118733712713109
0.11
0.5130650400096771
0.12
0.5142579427623742
0.13
0.5154521902160596
0.14
0.5166478919145476
0.15
0.5178451581603145
0.16
0.519044097814456
0.17
0.5202448194695282
0.18
0.521447431126456
0.19
0.5226520399639889
0.2
0.5238587539177532
0.21
0.5250676775833627
0.22
0.5262789166383389
0.23
0.5274925758847125
0.24
0.5287087588759525
0.25
0.5299275688185536
0.26
0.5311491072643995
0.27
0.5323734738730116
0.28
0.5336007739826741
0.29
0.5348311016785975
0.3
0.5360645558386287
0.31
0.5373012342778992
0.32
0.5385412331221671
0.33
0.5397846455319423
0.34
0.541031566658488
0.35000000000000003
0.542282087475717
0.36
0.5435362996285091
0.37
0.5447942920775342
0.38
0.5460561531603605
0.39
0.5473219698374341
0.4
0.5485918270981769
0.41000000000000003
0.5498658087247545
0.42
0.5511439969168677
0.43
0.552426472183574
0.44
0.5537133137563669
0.45
0.5550045979543368
0.46
0.5563004008131904
0.47000000000000003
0.5576007963695009
0.48
0.5589058559944489
0.49
0.5602156496599322
0.5
0.5615302476005736
0.51
0.5628497098792474
0.52
0.5641741063863522
0.53
0.5655034971978717
0.54
0.5668379303152202
0.55
0.568177499224157
0.56
0.5695222238079912
0.5700000000000001
0.5708721691972592
0.58
0.5722273865161887
0.59
0.573587923692775
0.6
0.5749538289267818
0.61
0.5763251447065985
0.62
0.5777019127225701
0.63
0.5790841677720413
0.64
0.5804719583463458
0.65
0.5818653065571625
0.66
0.5832642476723799
0.67
0.5846688099399785
0.68
0.5860790192481542
0.6900000000000001
0.5874948988645343
0.7000000000000001
0.5889164687503773
0.71
0.5903437505510909
0.72
0.5917767476828941
0.73
0.5932154823259659
0.74
0.5946599605948428
0.75
0.5961101874489357
0.76
0.5975661660270345
0.77
0.5990278964566342
0.78
0.6004953766908486
0.79
0.6019685966526125
0.8
0.6034475509764466
0.81
0.60493222515194
0.8200000000000001
0.6064226037008703
0.8300000000000001
0.6079186677249693
0.84
0.6094203957839416
0.85
0.6109277620752459
0.86
0.6124407336672586
0.87
0.6139592927272113
0.88
0.6154833896440052
0.89
0.6170129916030926
0.9
0.618548056867566
0.91
0.6200885801454052
0.92
0.6216343934317701
0.93
0.6231855757133279
0.9400000000000001
0.6247420044041522
0.9500000000000001
0.6263036477189904
0.96
0.6278704358343065
0.97
0.6294423042532313
0.98
0.6310191871253196
0.99
0.6326010067094787
1.
0.6341876951626231
1.01
0.6357791735923989
1.02
0.6373753613473057
1.03
0.6389761851205995
1.04
0.6405815176969762
1.05
0.6421913051000405
1.06
0.6438054675102514
1.07
0.6454238695314574
1.08
0.6470464352947172
1.09
0.6486730587727614
1.1
0.6503036279186125
1.11
0.651938038240208
1.12
0.6535761800000753
1.1300000000000001
0.655217933260489
1.1400000000000001
0.6568631877133985
1.1500000000000001
0.6585118210186908
1.16
0.660163710929026
1.17
0.6618187326033281
1.18
0.6634767587120785
1.19
0.6651376589159811
1.2
0.6668013013903941
1.21
0.6684675492479191
1.22
0.6701362663899713
1.23
0.6718073143148213
1.24
0.6734805498090973
1.25
0.6751558308266308
1.26
0.6768330114381954
1.27
0.6785119744047461
1.28
0.6801925108488514
1.29
0.6818744987594807
1.3
0.6835577490750503
1.31
0.68524217859478
1.32
0.6869275939768311
1.33
0.6886138413423313
1.34
0.6903007606138745
1.35
0.6919881919006416
1.36
0.6936759742855076
1.37
0.6953639457576846
1.3800000000000001
0.6970519432863619
1.3900000000000001
0.6987398047717182
1.4000000000000001
0.7004273601175282
1.41
0.7021144494004086
1.42
0.7038008984385429
1.43
0.7054865536997741
1.44
0.7071712424414839
1.45
0.7088548058309553
1.46
0.7105370619016432
1.47
0.7122178495271848
1.48
0.7138970002771757
1.49
0.7155743509198618
1.5
0.7172497319806005
1.51
0.7189229788964816
1.52
0.7205939241582872
1.53
0.7222624034145902
1.54
0.7239282509490239
1.55
0.7255913027018367
1.56
0.7272512705373281
1.57
0.7289083688626941
1.58
0.7305620565517366
1.59
0.7322123027502694
1.6
0.733858944434322
1.61
0.7355018247598148
1.62
0.737140298280453
1.6300000000000001
0.7387756830633079
1.6400000000000001
0.740406358167016
1.6500000000000001
0.7420326231067018
1.6600000000000001
0.7436543853409221
1.67
0.7452714574080861
1.68
0.7468837103098767
1.69
0.748490993544577
1.7
0.7500931618317921
1.71
0.7516900758292774
1.72
0.7532816006576067
1.73
0.7548675926315527
1.74
0.7564479197442607
1.75
0.7580224670733565
1.76
0.7595910531292062
1.77
0.7611536004144073
1.78
0.7627099670165114
1.79
0.7642600301267342
1.8
0.7658036702496431
1.81
0.7673407791604518
1.82
0.7688711717516341
1.83
0.7703948818255131
1.84
0.7719116755061852
1.85
0.7734214827403155
1.86
0.7749242009489223
1.87
0.776419718227058
1.8800000000000001
0.7779079579723672
1.8900000000000001
0.7793888034822499
1.9000000000000001
0.7808621686617931
1.9100000000000001
0.7823279636100944
1.92
0.7837860995501893
1.93
0.7852364922643507
1.94
0.7866790555438326
1.95
0.7881137219440854
1.96
0.7895404048383953
1.97
0.7909590350216917
1.98
0.7923695410123563
1.99
0.793771860352992
2.
0.7951659166718033
0.
0.49999999991930566
0.01
0.5012497512976173
0.02
0.5024995444903032
0.03
0.5037494172692306
0.04
0.5049994151021335
0.05
0.5062495794029199
0.06
0.5074999467219404
0.07
0.5087505594297144
0.08
0.5100014584634982
0.09
0.5112526841584296
0.1
0.5125042769754332
0.11
0.5137562771302275
0.12
0.5150087245239209
0.13
0.516261659090015
0.14
0.5175151201227646
0.15
0.5187691469869775
0.16
0.5200237785359741
0.17
0.5212790535157227
0.18
0.5225350104126838
0.19
0.5237916870716587
0.2
0.5250491211675151
0.21
0.5263073499896783
0.22
0.5275664104933963
0.23
0.5288263359194071
0.24
0.5300871686766709
0.25
0.5313489441388853
0.26
0.5326116915985327
0.27
0.5338754490672368
0.28
0.5351402497702192
0.29
0.5364061278512059
0.3
0.537673116352332
0.31
0.5389412414775197
0.32
0.5402105540672422
0.33
0.5414810667192115
0.34
0.5427528156946665
0.35000000000000003
0.5440258325067985
0.36
0.5453001449815367
0.37
0.5465757792004929
0.38
0.5478527708786948
0.39
0.5491311470580369
0.4
0.5504109265103039
0.41000000000000003
0.5516921392808334
0.42
0.5529748098180322
0.43
0.5542589639958309
0.44
0.555544624616477
0.45
0.5568318148260759
0.46
0.5581205564260192
0.47000000000000003
0.5594108695498407
0.48
0.5607027779024729
0.49
0.5619962976393139
0.5
0.563291448732855
0.51
0.5645882492183171
0.52
0.5658867150807849
0.53
0.5671868639886657
0.54
0.5684887073469718
0.55
0.5697922634018125
0.56
0.571097544163901
0.5700000000000001
0.5724045598851955
0.58
0.5737133232150633
0.59
0.5750238437046061
0.6
0.5763361314035421
0.61
0.5776501942261077
0.62
0.5789660393492024
0.63
0.5802836741270678
0.64
0.5816031005031242
0.65
0.5829243264867483
0.66
0.5842473522101919
0.67
0.5855721806922851
0.68
0.5868988115996734
0.6900000000000001
0.5882272469316789
0.7000000000000001
0.589557484555824
0.71
0.5908895221106476
0.72
0.5922233560849685
0.73
0.5935589816500886
0.74
0.5948963935024026
0.75
0.5962355850156194
0.76
0.5975765477486891
0.77
0.598919272680127
0.78
0.6002637503186948
0.79
0.6016099683788868
0.8
0.6029579160633888
0.81
0.6043075535687633
0.8200000000000001
0.6056589400930222
0.8300000000000001
0.6070119869534784
0.84
0.6083667014247501
0.85
0.6097230653299486
0.86
0.6110810593459554
0.87
0.6124406640593917
0.88
0.6138018555144821
0.89
0.6151646128587945
0.9
0.6165289126754326
0.91
0.6178947294419379
0.92
0.619262037417331
0.93
0.6206308090190171
0.9400000000000001
0.62200101644068
0.9500000000000001
0.6233726305776768
0.96
0.6247456196664918
0.97
0.6261199529684517
0.98
0.627495597456224
0.99
0.6288725208865275
1.
0.6302506862051869
1.01
0.6316300589987768
1.02
0.6330106018428332
1.03
0.6343922772289857
1.04
0.6357750453167476
1.05
0.6371588518311456
1.06
0.6385437002976946
1.07
0.6399295113172565
1.08
0.6413162425580629
1.09
0.6427038489085044
1.1
0.6440923002096713
1.11
0.6454815861044154
1.12
0.6468715333485233
1.1300000000000001
0.648262219974593
1.1400000000000001
0.6496535557838411
1.1500000000000001
0.6510454905506373
1.16
0.652437974385452
1.17
0.6538309555339459
1.18
0.6552243824596606
1.19
0.6566182016881653
1.2
0.6580123594106025
1.21
0.6594068000122774
1.22
0.66080147113509
1.23
0.6621963173644538
1.24
0.6635912755106275
1.25
0.6649862944047354
1.26
0.6663813145067721
1.27
0.6677762744134192
1.28
0.6691711202319094
1.29
0.6705657888633006
1.3
0.6719602180270728
1.31
0.6733543466965134
1.32
0.6747481111223593
1.33
0.6761414560972023
1.34
0.6775343137254267
1.35
0.6789266218958745
1.36
0.6803183151774326
1.37
0.6817093323128787
1.3800000000000001
0.6830996083853453
1.3900000000000001
0.6844890763105681
1.4000000000000001
0.6858776728581044
1.41
0.6872653285560357
1.42
0.6886519852608497
1.43
0.6900375604866702
1.44
0.6914220096173587
1.45
0.6928052172891982
1.46
0.6941872428230073
1.47
0.6955678820742277
1.48
0.6969471114604344
1.49
0.6983248805841036
1.5
0.6997011083759168
1.51
0.7010757492045204
1.52
0.7024486707429034
1.53
0.7038198722714547
1.54
0.7051892649080636
1.55
0.7065567737593783
1.56
0.7079223486374286
1.57
0.7092859259722063
1.58
0.7106473854199238
1.59
0.7120067180356886
1.6
0.7133638355036518
1.61
0.7147186736484621
1.62
0.7160711651612957
1.6300000000000001
0.7174212441437647
1.6400000000000001
0.7187688414196943
1.6500000000000001
0.720113892681651
1.6600000000000001
0.721456332230182
1.67
0.7227960946187554
1.68
0.7241331153963511
1.69
0.7254673307063606
1.7
0.7267986727260394
1.71
0.7281270798195365
1.72
0.7294524884518943
1.73
0.730774835636564
1.74
0.7320940592846003
1.75
0.7334100964961845
1.76
0.7347228864071718
1.77
0.7360323676119015
1.78
0.7373384797752387
1.79
0.7386411627994236
1.8
0.739940359162779
1.81
0.7412360077661347
1.82
0.7425280514005808
1.83
0.7438164315163008
1.84
0.7451010946378984
1.85
0.7463819820440147
1.86
0.7476590389007927
1.87
0.7489322111065955
1.8800000000000001
0.7502016858647397
1.8900000000000001
0.7514666879612479
1.9000000000000001
0.7527278843190952
1.9100000000000001
0.7539849846730522
1.92
0.7552379371258962
1.93
0.756486693789546
1.94
0.757731202447263
1.95
0.7589714163851906
1.96
0.7602072867612681
1.97
0.7614387668159327
1.98
0.7626658126195651
1.99
0.7638883775631718
2.
0.7651064173786544
0.
0.4999999997483874
0.01
0.5012128572841784
0.02
0.502425721423702
0.03
0.5036385986126797
0.04
0.5048514955249002
0.05
0.5060644186844686
0.06
0.5072773747530335
0.07
0.5084903703230577
0.08
0.5097034116240997
0.09
0.510916505115947
0.1
0.5121296572075682
0.11
0.5133428742167828
0.12
0.5145561623179703
0.13
0.5157695260762946
0.14
0.5169829759642013
0.15
0.518196513772598
0.16
0.5194101467407879
0.17
0.5206238805546043
0.18
0.5218377208602325
0.19
0.523051673408897
0.2
0.5242657436195972
0.21
0.525479936437619
0.22
0.5266942561493899
0.23
0.5279087111902353
0.24
0.5291233027010255
0.25
0.5303380371331702
0.26
0.5315529186251635
0.27
0.5327679516799809
0.28
0.5339831403944718
0.29
0.5351984885197733
0.3
0.5364140011780095
0.31
0.5376296805893371
0.32
0.5388455310122873
0.33
0.5400615554046834
0.34
0.5412777567467756
0.35000000000000003
0.5424941380388435
0.36
0.5437107019379238
0.37
0.5449274508392609
0.38
0.5461443866720828
0.39
0.5473615115250936
0.4
0.5485788270950601
0.41000000000000003
0.5497963344086159
0.42
0.5510140355493434
0.43
0.5522319307671424
0.44
0.5534500205320045
0.45
0.5546683061403681
0.46
0.5558867868595141
0.47000000000000003
0.557105463092432
0.48
0.5583243329461793
0.49
0.5595433999907483
0.5
0.5607626587816168
0.51
0.5619821093267625
0.52
0.5632017500435702
0.53
0.5644215850298505
0.54
0.5656415941375145
0.55
0.5668617930885538
0.56
0.5680821734424395
0.5700000000000001
0.5693027317317408
0.58
0.5705234640275104
0.59
0.5717443671360039
0.6
0.5729654368422357
0.61
0.5741866683300874
0.62
0.5754080576177829
0.63
0.5766295994055821
0.64
0.5778512881013536
0.65
0.5790731180516614
0.66
0.5802950831794457
0.67
0.5815171770806847
0.68
0.5827393929695935
0.6900000000000001
0.5839617237814877
0.7000000000000001
0.5851841620087489
0.71
0.586406699907865
0.72
0.587629329310516
0.73
0.5888520417187925
0.74
0.5900748283029437
0.75
0.5912976803609578
0.76
0.5925205873039183
0.77
0.5937435366003787
0.78
0.594966527211937
0.79
0.596189539410082
0.8
0.5974125651631236
0.81
0.5986355931990923
0.8200000000000001
0.5998586082894292
0.8300000000000001
0.6010816051021277
0.84
0.602304555722909
0.85
0.6035274752779074
0.86
0.6047503444906277
0.87
0.6059731279835557
0.88
0.6071958244650143
0.89
0.6084184197355483
0.9
0.6096408992962995
0.91
0.6108632481861117
0.92
0.6120854512586898
0.93
0.6133074930997622
0.9400000000000001
0.6145293580388782
0.9500000000000001
0.6157510293971188
0.96
0.6169724899937279
0.97
0.6181937235177337
0.98
0.6194147235900629
0.99
0.6206354397986109
1.
0.6218558870737442
1.01
0.6230760362334674
1.02
0.6242958685417888
1.03
0.6255153682006889
1.04
0.6267345091898466
1.05
0.6279532766711657
1.06
0.6291716462733294
1.07
0.6303896029311302
1.08
0.6316071264478067
1.09
0.6328241942343782
1.1
0.6340407851112546
1.11
0.6352568803436618
1.12
0.6364724442426959
1.1300000000000001
0.6376874836364376
1.1400000000000001
0.6389019508462233
1.1500000000000001
0.6401158312990772
1.16
0.6413291025694895
1.17
0.642541741636929
1.18
0.6437537250670613
1.19
0.6449650284472632
1.2
0.6461756301681246
1.21
0.6473855042293265
1.22
0.6485946271560943
1.23
0.6498029744873531
1.24
0.6510105216813924
1.25
0.6522172423495477
1.26
0.6534231127864079
1.27
0.654628107338149
1.28
0.6558321996824935
1.29
0.6570353643902389
1.3
0.6582375751239344
1.31
0.6594388061809099
1.32
0.6606390309339727
1.33
0.661838222662489
1.34
0.6630363557944883
1.35
0.6642333685818467
1.36
0.665429335154293
1.37
0.6666241265769046
1.3800000000000001
0.667817748979983
1.3900000000000001
0.6690101760527407
1.4000000000000001
0.6702013806613349
1.41
0.6713913340813834
1.42
0.6725800084002086
1.43
0.6737673747468149
1.44
0.6749534072522566
1.45
0.6761380761457118
1.46
0.6773213546197265
1.47
0.6785032131644059
1.48
0.6796836225532933
1.49
0.6808625579739448
1.5
0.6820399837181098
1.51
0.6832158776875237
1.52
0.6843902091173643
1.53
0.6855629499707143
1.54
0.6867340707153016
1.55
0.6879035409005188
1.56
0.689071334535469
1.57
0.6902374217576882
1.58
0.6914017737861424
1.59
0.6925643628406766
1.6
0.6937251580334292
1.61
0.6948841318141153
1.62
0.6960412535486042
1.6300000000000001
0.6971964979638916
1.6400000000000001
0.698349834327765
1.6500000000000001
0.6995012188720211
1.6600000000000001
0.7006506693931853
1.67
0.701798111427656
1.68
0.7029435312603666
1.69
0.7040869004480343
1.7
0.7052281882267666
1.71
0.7063673741525528
1.72
0.7075044226661504
1.73
0.7086393081172481
1.74
0.7097720023745286
1.75
0.7109024775069863
1.76
0.7120307063167186
1.77
0.7131566580966406
1.78
0.7142803112885796
1.79
0.7154016381603976
1.8
0.7165206060263014
1.81
0.717637192982177
1.82
0.7187513867806337
1.83
0.7198631041111582
1.84
0.7209723787596684
1.85
0.7220791627071657
1.86
0.7231834333216373
1.87
0.7242851606272527
1.8800000000000001
0.7253843206358765
1.8900000000000001
0.7264808879331619
1.9000000000000001
0.7275748361147293
1.9100000000000001
0.7286661404386479
1.92
0.7297547757657051
1.93
0.7308407176997825
1.94
0.7319239405620176
1.95
0.733004422573337
1.96
0.734082137516616
1.97
0.7351570632784415
1.98
0.736229173573143
1.99
0.737298447149119
2.
0.7383648599264733
0.
0.49999999968420406
0.01
0.5011174254804937
0.02
0.5022348459748526
0.03
0.5033522564529446
0.04
0.5044696541128736
0.05
0.5055870263853994
0.06
0.5067043755120898
0.07
0.5078216965301244
0.08
0.5089389800141082
0.09
0.5100562279965157
0.1
0.5111734251307591
0.11
0.5122905728216025
0.12
0.5134076657554741
0.13
0.5145246976240767
0.14
0.5156416631533662
0.15
0.5167585589488146
0.16
0.5178753765773305
0.17
0.5189921133764122
0.18
0.5201087633476973
0.19
0.5212253197527756
0.2
0.5223417815298994
0.21
0.5234581390285139
0.22
0.5245743882630537
0.23
0.5256905237422295
0.24
0.5268065401528745
0.25
0.5279224322314866
0.26
0.5290381937191476
0.27
0.5301538195113649
0.28
0.5312693035649481
0.29
0.5323846407834538
0.3
0.5334998251591899
0.31
0.5346148508723692
0.32
0.5357297119809554
0.33
0.5368444029588529
0.34
0.5379589174938849
0.35000000000000003
0.5390732497244799
0.36
0.5401873936179306
0.37
0.5413013430610206
0.38
0.5424150919154493
0.39
0.5435286338517377
0.4
0.5446419627142899
0.41000000000000003
0.5457550720096875
0.42
0.5468679558017926
0.43
0.5479806067753098
0.44
0.5490930189055898
0.45
0.5502051853679534
0.46
0.551317101722845
0.47000000000000003
0.5524287548420608
0.48
0.5535401441382506
0.49
0.5546512605190315
0.5
0.5557620972893009
0.51
0.5568726472408465
0.52
0.5579829033070299
0.53
0.559092858283892
0.54
0.5602025095601473
0.55
0.5613118355304136
0.56
0.5624208430501241
0.5700000000000001
0.5635295198619199
0.58
0.5646378582703914
0.59
0.5657458507406996
0.6
0.5668534894283455
0.61
0.5679607664250792
0.62
0.5690676733926463
0.63
0.570174203337146
0.64
0.5712803475862582
0.65
0.5723860979584672
0.66
0.5734914462052669
0.67
0.5745963839714381
0.68
0.575700902779788
0.6900000000000001
0.5768049941489727
0.7000000000000001
0.5779086492175188
0.71
0.5790118592759976
0.72
0.5801146165102169
0.73
0.5812169111832989
0.74
0.5823187341476699
0.75
0.5834200765599217
0.76
0.584520929359988
0.77
0.5856212786144042
0.78
0.5867211293615849
0.79
0.5878204573651941
0.8
0.5889192581961585
0.81
0.5900175222600965
0.8200000000000001
0.5911152398864266
0.8300000000000001
0.5922123997541994
0.84
0.5933089965012608
0.85
0.5944050162370356
0.86
0.595500449348548
0.87
0.5965952862437873
0.88
0.5976895282150658
0.89
0.5987831308204612
0.9
0.5998761173204361
0.91
0.6009684659957286
0.92
0.6020601666269153
0.93
0.6031512076151756
0.9400000000000001
0.6042415804406642
0.9500000000000001
0.6053312723481745
0.96
0.6064202726704189
0.97
0.6075085706398927
0.98
0.6085961579990175
0.99
0.6096830153278048
1.
0.6107691388470449
1.01
0.6118545157513428
1.02
0.612939134026984
1.03
0.6140229812334227
1.04
0.6151060478052539
1.05
0.6161883211519
1.06
0.61726978950203
1.07
0.6183504427664585
1.08
0.6194302658654534
1.09
0.6205092479332901
1.1
0.6215873778569663
1.11
0.6226646428273154
1.12
0.6237410310768832
1.1300000000000001
0.6248165303892705
1.1400000000000001
0.6258911280016468
1.1500000000000001
0.6269648120228394
1.16
0.628037569924101
1.17
0.6291093894177299
1.18
0.6301802546542182
1.19
0.6312501585119505
1.2
0.6323190788273964
1.21
0.6333870236729636
1.22
0.6344539536070033
1.23
0.6355198809487221
1.24
0.6365847745472039
1.25
0.6376486269808496
1.26
0.6387113730181435
1.27
0.6397731580492012
1.28
0.6408338100759483
1.29
0.6418933687124523
1.3
0.6429518212165481
1.31
0.6440091539612804
1.32
0.6450653539681839
1.33
0.6461204077690961
1.34
0.6471743019911049
1.35
0.6482270237060561
1.36
0.6492785584605739
1.37
0.6503288934230993
1.3800000000000001
0.6513780148753232
1.3900000000000001
0.6524259096443569
1.4000000000000001
0.6534725636810477
1.41
0.6545179635898677
1.42
0.6555620959446125
1.43
0.6566049467728496
1.44
0.6576465040024717
1.45
0.6586867510339174
1.46
0.6597256743669401
1.47
0.6607632624148735
1.48
0.6617995010213922
1.49
0.6628343761670351
1.5
0.6638678737631674
1.51
0.664899980385873
1.52
0.6659306821788207
1.53
0.6669599653682533
1.54
0.6679878165885396
1.55
0.6690142204527778
1.56
0.6700391651641123
1.57
0.671062595631733
1.58
0.6720845835003264
1.59
0.6731050985332199
1.6
0.6741240716201957
1.61
0.6751415104017197
1.62
0.676157416174421
1.6300000000000001
0.6771717465737129
1.6400000000000001
0.6781845173442042
1.6500000000000001
0.679195704994329
1.6600000000000001
0.6802052960194911
1.67
0.681213276434147
1.68
0.6822196327115124
1.69
0.6832243508534128
1.7
0.6842274178882605
1.71
0.6852288200922211
1.72
0.6862285434238531
1.73
0.6872265759259538
1.74
0.6882229033430591
1.75
0.6892175170164081
1.76
0.6902103945215524
1.77
0.6912015740883193
1.78
0.6921909017600314
1.79
0.6931785010453195
1.8
0.694164319114197
1.81
0.6951483414290005
1.82
0.6961305526092907
1.83
0.6971109406916676
1.84
0.6980894920510635
1.85
0.6990661945700241
1.86
0.7000410351661333
1.87
0.701014005642081
1.8800000000000001
0.7019850531211277
1.8900000000000001
0.7029542319532976
1.9000000000000001
0.7039215259909366
1.9100000000000001
0.7048868678551454
1.92
0.7058502725821431
1.93
0.7068117307225487
1.94
0.7077712247965723
1.95
0.7087287424550165
1.96
0.7096842772313996
1.97
0.7106378142343598
1.98
0.7115893409784146
1.99
0.7125388466511743
2.
0.7134863188242654
0.
0.4999999997760342
0.01
0.5009999987499345
0.02
0.50199999210225
0.03
0.5029999681112743
0.04
0.5039999249056366
0.05
0.5049998532280533
0.06
0.5059997459198541
0.07
0.5069995965259354
0.08
0.5079993976048396
0.09
0.5089991422168199
0.1
0.5099988231463881
0.11
0.5109984337254776
0.12
0.511997966461813
0.13
0.5129974144193762
0.14
0.5139967705482382
0.15
0.514996027692188
0.16
0.5159951785437008
0.17
0.5169942175424063
0.18
0.5179931340097523
0.19
0.5189919235764463
0.2
0.519990581766988
0.21
0.5209890943151277
0.22
0.5219874598421023
0.23
0.5229856695186265
0.24
0.5239837162638719
0.25
0.5249815928924405
0.26
0.5259792923237757
0.27
0.5269768072932628
0.28
0.5279741307998683
0.29
0.5289712555240779
0.3
0.5299681742604627
0.31
0.5309648799019555
0.32
0.5319613652243188
0.33
0.5329576230060437
0.34
0.533953646148872
0.35000000000000003
0.5349494273141148
0.36
0.5359449593235732
0.37
0.5369402375269936
0.38
0.5379352495244326
0.39
0.5389299878232032
0.4
0.5399244506258287
0.41000000000000003
0.5409186288083049
0.42
0.5419125134531738
0.43
0.5429060970243017
0.44
0.5438993741272676
0.45
0.5448923364129948
0.46
0.5458849615880389
0.47000000000000003
0.5468772876743317
0.48
0.5478692618799735
0.49
0.5488608919632559
0.5
0.5498521705422211
0.51
0.5508430902242698
0.52
0.5518336436130622
0.53
0.5528238232592834
0.54
0.5538136217616854
0.55
0.5548030315595291
0.56
0.5557920455765698
0.5700000000000001
0.556780655815524
0.58
0.5577688549738243
0.59
0.5587566359837642
0.6
0.5597439908030836
0.61
0.5607309121896396
0.62
0.5617173925816009
0.63
0.5627034242420749
0.64
0.563688999543169
0.65
0.564674110583498
0.66
0.5656587517389798
0.67
0.566642913233281
0.68
0.5676265882644466
0.6900000000000001
0.5686097691352207
0.7000000000000001
0.5695924482567675
0.71
0.5705746178789407
0.72
0.5715562704143085
0.73
0.5725373981477208
0.74
0.5735179934871003
0.75
0.5744980485855715
0.76
0.5754775557472447
0.77
0.576456516722047
0.78
0.5774348959351796
0.79
0.5784127130911754
0.8
0.5793899513540198
0.81
0.5803666029432069
0.8200000000000001
0.5813426600949891
0.8300000000000001
0.582318115787003
0.84
0.5832929604775567
0.85
0.5842671876194323
0.86
0.5852407888467669
0.87
0.5862137570020847
0.88
0.5871860827862979
0.89
0.5881577591311152
0.9
0.5891287788237044
0.91
0.5900991330262971
0.92
0.591068814574955
0.93
0.5920378151924346
0.9400000000000001
0.593006126946144
0.9500000000000001
0.5939737419028271
0.96
0.5949406521237568
0.97
0.5959068484303564
0.98
0.5968723258643895
0.99
0.5978370734737543
1.
0.598801083880513
1.01
0.5997643675178619
1.02
0.6007268822908783
1.03
0.6016886211459078
1.04
0.6026496061561626
1.05
0.6036098144891173
1.06
0.6045692379829635
1.07
0.60552786879134
1.08
0.6064856988261971
1.09
0.6074427199725412
1.1
0.6083989229117522
1.11
0.6093542972275556
1.12
0.6103088473163648
1.1300000000000001
0.6112625525670926
1.1400000000000001
0.6122154079777417
1.1500000000000001
0.6131674066265115
1.16
0.6141185396898006
1.17
0.6150687991591307
1.18
0.6160181784685667
1.19
0.6169666654176856
1.2
0.6179142559696057
1.21
0.6188609403314214
1.22
0.6198067107384814
1.23
0.6207515603010385
1.24
0.6216954869517147
1.25
0.6226384669774926
1.26
0.6235805008287709
1.27
0.6245215712061971
1.28
0.6254616875467797
1.29
0.6264008331068647
1.3
0.6273389998829781
1.31
0.6282761799626959
1.32
0.6292123653930405
1.33
0.6301475468234092
1.34
0.6310817119421464
1.35
0.6320148628696716
1.36
0.6329469909621485
1.37
0.6338780786722695
1.3800000000000001
0.6348081233859938
1.3900000000000001
0.635737117064082
1.4000000000000001
0.6366650505735607
1.41
0.6375919158107977
1.42
0.6385177064092825
1.43
0.6394424123780855
1.44
0.6403660269608284
1.45
0.6412885415992862
1.46
0.6422099485492213
1.47
0.6431302398774574
1.48
0.6440494073141051
1.49
0.6449674430790769
1.5
0.645884338790546
1.51
0.6468000871515844
1.52
0.6477146799507925
1.53
0.648628109391127
1.54
0.6495403677150435
1.55
0.6504514462863725
1.56
0.6513613375466706
1.57
0.6522700314292296
1.58
0.6531775323047839
1.59
0.6540838155994004
1.6
0.6549888803511514
1.61
0.6558927142291381
1.62
0.6567953185774095
1.6300000000000001
0.6576966630775123
1.6400000000000001
0.6585967946067101
1.6500000000000001
0.6594956582807397
1.6600000000000001
0.6603932499372495
1.67
0.661289571946218
1.68
0.6621846027358858
1.69
0.6630783434928912
1.7
0.663970808590153
1.71
0.6648619617582167
1.72
0.6657518040206561
1.73
0.6666403282337682
1.74
0.6675275268671554
1.75
0.6684133924579818
1.76
0.669297917032263
1.77
0.6701810945476239
1.78
0.6710629192381166
1.79
0.6719433802123191
1.8
0.6728224703978349
1.81
0.6737001819063234
1.82
0.6745765106764837
1.83
0.6754511459572217
1.84
0.6763249861203868
1.85
0.6771971184632285
1.86
0.6780678354347709
1.87
0.6789371324755197
1.8800000000000001
0.6798050040829169
1.8900000000000001
0.680671441281527
1.9000000000000001
0.6815364371179349
1.9100000000000001
0.6823999812009713
1.92
0.6832620767921039
1.93
0.6841227072102583
1.94
0.6849818695047005
1.95
0.6858395552989889
1.96
0.6866957585943401
1.97
0.6875505637942456
1.98
0.6884036902667681
1.99
0.6892554057704129
2.
0.6901056127400266