0.
0.5
0.05
0.5029061275508427
0.1
0.5112819435676661
0.15000000000000002
0.5224749025213562
0.2
0.5338812961413641
0.25
0.5446520529501404
0.3
0.5545340563199025
0.35000000000000003
0.5635192724382301
0.4
0.5716689016845726
0.45
0.5790558746085135
0.5
0.5857475481785003
0.55
0.5918016013970904
0.6000000000000001
0.5972661563849911
0.6500000000000001
0.6021810675042932
0.7000000000000001
0.6065791272851431
0.7500000000000001
0.6104876074463067
0.8
0.6139290008548316
0.8500000000000001
0.6169218992769387
0.9000000000000001
0.6194815578914874
0.9500000000000001
0.6216203912719586
1.
0.6233484202645414
1.05
0.6246738069524441
1.1
0.6256034704517519
1.1500000000000001
0.626144199031418
1.2000000000000002
0.6263036477189904
1.2500000000000002
0.6260915362693382
1.3
0.6255206385954171
1.35
0.6246074816427198
1.4000000000000001
0.6233726305776768
1.4500000000000002
0.6218405477469628
1.5000000000000002
0.620039063529326
1.55
0.6179985633334463
1.6
0.6157510293971187
1.6500000000000001
0.6133290248834714
1.7000000000000002
0.6107647029097659
1.7500000000000002
0.6080890812273048
1.8
0.6053312723481745
1.85
0.6025180960884188
1.9000000000000001
0.5996736309935029
1.9500000000000002
0.5968193339572593
2.
0.5939737419028271
2.05
0.5911527073320417
2.1
0.5883695130737414
2.15
0.5856350716301622
2.1999999999999997
0.5829581551916841
2.25
0.5803456299111796
2.3
0.5778026933217967
2.35
0.5753331000638775
2.4
0.5729393723568018
2.45
0.5706229956093066
2.5
0.5683845848858184
2.55
0.5662240457979407
2.6
0.5641407024555303
2.65
0.5621334121720536
2.7
0.560200669597338
2.75
0.5583406852891737
2.8
0.5565514590562773
2.85
0.5548308380519305
2.9
0.5531765656570364
2.95
0.551586322232998
3.
0.5500577571424949
3.05
0.5485885159270703
3.1
0.5471762611416594
3.15
0.545818689015352
3.2
0.5445135424944804
3.25
0.5432586211048898
3.3
0.5420517881873712
3.35
0.5408909762640094
3.4
0.5397741903669624
3.45
0.5386995102043145
3.5
0.5376650910626773
3.55
0.5366691638484574
3.6
0.5357100345637416
3.65
0.5347860830382083
3.7
0.5338957611745623
3.75
0.5330375911566694
3.8
0.532210163075537
3.85
0.5314121328501373
3.9
0.5306422192397202
3.95
0.5298992023211555
4.
0.529181919848694
4.05
0.5284892651805644
4.1
0.527820185104959
4.15
0.5271736768223386
4.2
0.5265487857824143
4.25
0.5259446033996261
4.3
0.5253602647773506
4.35
0.5247949466501566
4.4
0.5242478650057849
4.45
0.5237182734452723
4.5
0.5232054610293052
4.55
0.5227087506435661
4.6
0.5222274971186383
4.65
0.5217610856981706
4.7
0.5213089304207039
4.75
0.5208704726559349
4.8
0.5204451796962898
4.8500000000000005
0.5200325434237371
4.9
0.5196320790160094
4.95
0.5192433238889784
5.
0.5188658363474425