-3.141592653589793
0.049696115052204885
-3.1101767270538954
0.05122467054838409
-3.078760800517997
0.05284858569688702
-3.0473448739820994
0.054575305504590554
-3.015928947446201
0.056413019947040566
-2.9845130209103035
0.058370752642674724
-2.9530970943744053
0.06045846179954253
-2.921681167838508
0.06268715535136689
-2.8902652413026098
0.06506902252944002
-2.858849314766712
0.06761758450706588
-2.827433388230814
0.07034786721542288
-2.796017461694916
0.07327659997717292
-2.764601535159018
0.0764224442524233
-2.73318560862312
0.079806257558626
-2.701769682087222
0.08345139853186721
-2.670353755551324
0.08738408016398788
-2.638937829015426
0.09163377950158344
-2.607521902479528
0.09623371355230861
-2.57610597594363
0.10122139283090298
-2.5446900494077327
0.10663926590324284
-2.5132741228718345
0.11253547044545976
-2.4818581963359367
0.11896470868876426
-2.4504422698000385
0.12598926757555268
-2.419026343264141
0.13368020632166297
-2.3876104167282426
0.14211873602258077
-2.356194490192345
0.15139781686859907
-2.324778563656447
0.16162399745884187
-2.293362637120549
0.17291951601255826
-2.261946710584651
0.18542467237272198
-2.230530784048753
0.1993004584684212
-2.199114857512855
0.21473139691848553
-2.167698930976957
0.23192847281189438
-2.1362830044410597
0.2511319373890676
-2.1048670779051615
0.27261359216876835
-2.0734511513692637
0.2966778962033065
-2.0420352248333655
0.3236608342249572
-2.0106192982974678
0.35392488511881653
-1.9792033717615696
0.38784758099331007
-1.9477874452256718
0.42580001164282627
-1.9163715186897738
0.4681102540389849
-1.8849555921538759
0.5150053437236232
-1.853539665617978
0.566524730012519
-1.82212373908208
0.62239958124816
-1.790707812546182
0.6818982576608874
-1.7592918860102844
0.743651995542993
-1.7278759594743864
0.8054987922103778
-1.6964600329384885
0.8644150541322931
-1.6650441064025905
0.9166296400632311
-1.6336281798666925
0.9580046380066112
-1.6022122533307945
0.9846904801466648
-1.5707963267948966
0.9939223010440968
-1.5393804002589986
0.9846904801466648
-1.5079644737231006
0.9580046380066112
-1.4765485471872026
0.9166296400632311
-1.4451326206513049
0.8644150541322931
-1.413716694115407
0.8054987922103778
-1.382300767579509
0.743651995542993
-1.350884841043611
0.6818982576608874
-1.319468914507713
0.62239958124816
-1.288052987971815
0.566524730012519
-1.2566370614359172
0.5150053437236232
-1.2252211349000193
0.4681102540389849
-1.1938052083641213
0.42580001164282627
-1.1623892818282235
0.38784758099331007
-1.1309733552923256
0.35392488511881653
-1.0995574287564276
0.3236608342249572
-1.0681415022205298
0.2966778962033065
-1.0367255756846319
0.27261359216876835
-1.0053096491487339
0.2511319373890676
-0.9738937226128359
0.23192847281189438
-0.9424777960769379
0.21473139691848553
-0.91106186954104
0.1993004584684212
-0.8796459430051422
0.18542467237272198
-0.8482300164692442
0.17291951601255826
-0.8168140899333463
0.16162399745884187
-0.7853981633974483
0.15139781686859907
-0.7539822368615503
0.14211873602258077
-0.7225663103256524
0.13368020632166297
-0.6911503837897545
0.12598926757555268
-0.6597344572538565
0.11896470868876426
-0.6283185307179586
0.11253547044545976
-0.5969026041820606
0.10663926590324284
-0.5654866776461628
0.10122139283090298
-0.5340707511102649
0.09623371355230861
-0.5026548245743669
0.09163377950158344
-0.47123889803846897
0.08738408016398788
-0.4398229715025711
0.08345139853186721
-0.4084070449666731
0.079806257558626
-0.37699111843077515
0.0764224442524233
-0.34557519189487723
0.07327659997717292
-0.3141592653589793
0.07034786721542288
-0.2827433388230814
0.06761758450706588
-0.25132741228718347
0.06506902252944002
-0.21991148575128555
0.06268715535136689
-0.18849555921538758
0.06045846179954253
-0.15707963267948966
0.058370752642674724
-0.12566370614359174
0.056413019947040566
-0.09424777960769379
0.054575305504590554
-0.06283185307179587
0.05284858569688702
-0.031415926535897934
0.05122467054838409
0.
0.049696115052204885
0.031415926535897934
0.0482561411302758
0.06283185307179587
0.04689856882555398
0.09424777960769379
0.04561775552395585
0.12566370614359174
0.04440854217318494
0.15707963267948966
0.04326620560976489
0.18849555921538758
0.04218641622822484
0.21991148575128555
0.04116520033092515
0.25132741228718347
0.04019890658626949
0.2827433388230814
0.03928417609938735
0.3141592653589793
0.03841791566477102
0.34557519189487723
0.03759727382647549
0.37699111843077515
0.03681961941973897
0.4084070449666731
0.0360825223094307
0.4398229715025711
0.035383736076575543
0.47123889803846897
0.03472118243517602
0.5026548245743669
0.03409293718836276
0.5340707511102649
0.03349721755614874
0.5654866776461628
0.03293237072725299
0.5969026041820606
0.03239686350502302
0.6283185307179586
0.03188927293279164
0.6597344572538565
0.031408277797363465
0.6911503837897545
0.030952650921006686
0.7225663103256524
0.030521252162554222
0.7539822368615503
0.030113022057189704
0.7853981633974483
0.0297269760323754
0.8168140899333463
0.02936219914431483
0.8482300164692442
0.02901784128545518
0.8796459430051422
0.028693112818931055
0.91106186954104
0.0283872806006226
0.9424777960769379
0.02809966435372738
0.9738937226128359
0.027829633364495395
1.0053096491487339
0.02757660347110923
1.0367255756846319
0.027340034320659293
1.0681415022205298
0.027119426871811708
1.0995574287564276
0.026914321123133106
1.1309733552923256
0.026724294049157358
1.1623892818282235
0.026548957728182936
1.1938052083641213
0.0263879576475039
1.2252211349000193
0.026240971173324676
1.2566370614359172
0.0261077061740095
1.288052987971815
0.025987899786590368
1.319468914507713
0.0258813173176174
1.350884841043611
0.025787751270497986
1.382300767579509
0.025707020492448888
1.413716694115407
0.025638969435088484
1.4451326206513049
0.025583467523537236
1.4765485471872026
0.02554040862968087
1.5079644737231006
0.025509710645992105
1.5393804002589986
0.025491315157011064
1.5707963267948966
0.02548518720625892
1.6022122533307945
0.025491315157011064
1.6336281798666925
0.025509710645992105
1.6650441064025905
0.02554040862968087
1.6964600329384885
0.025583467523537236
1.7278759594743864
0.025638969435088484
1.7592918860102844
0.025707020492448888
1.790707812546182
0.025787751270497986
1.82212373908208
0.0258813173176174
1.853539665617978
0.025987899786590368
1.8849555921538759
0.0261077061740095
1.9163715186897738
0.026240971173324676
1.9477874452256718
0.0263879576475039
1.9792033717615696
0.026548957728182936
2.0106192982974678
0.026724294049157358
2.0420352248333655
0.026914321123133106
2.0734511513692637
0.027119426871811708
2.1048670779051615
0.027340034320659293
2.1362830044410597
0.02757660347110923
2.167698930976957
0.027829633364495395
2.199114857512855
0.02809966435372738
2.230530784048753
0.0283872806006226
2.261946710584651
0.028693112818931055
2.293362637120549
0.02901784128545518
2.324778563656447
0.02936219914431483
2.356194490192345
0.0297269760323754
2.3876104167282426
0.030113022057189704
2.419026343264141
0.030521252162554222
2.4504422698000385
0.030952650921006686
2.4818581963359367
0.031408277797363465
2.5132741228718345
0.03188927293279164
2.5446900494077327
0.03239686350502302
2.57610597594363
0.03293237072725299
2.607521902479528
0.03349721755614874
2.638937829015426
0.03409293718836276
2.670353755551324
0.03472118243517602
2.701769682087222
0.035383736076575543
2.73318560862312
0.0360825223094307
2.764601535159018
0.03681961941973897
2.796017461694916
0.03759727382647549
2.827433388230814
0.03841791566477102
2.858849314766712
0.03928417609938735
2.8902652413026098
0.04019890658626949
2.921681167838508
0.04116520033092515
2.9530970943744053
0.04218641622822484
2.9845130209103035
0.04326620560976489
3.015928947446201
0.04440854217318494
3.0473448739820994
0.04561775552395585
3.078760800517997
0.04689856882555398
3.1101767270538954
0.0482561411302758
3.141592653589793
0.049696115052204885
-3.141592653589793
0.053187466770373934
-3.1101767270538954
0.054763896649010005
-3.078760800517997
0.05643421850887785
-3.0473448739820994
0.058205206968250135
-3.015928947446201
0.060084243843134946
-2.9845130209103035
0.0620793796968232
-2.9530970943744053
0.06419940214561752
-2.921681167838508
0.06645391165877279
-2.8902652413026098
0.06885340565654402
-2.858849314766712
0.07140937177570122
-2.827433388230814
0.07413439123398867
-2.796017461694916
0.07704225327978335
-2.764601535159018
0.08014808175482084
-2.73318560862312
0.08346847481858855
-2.701769682087222
0.08702165887206564
-2.670353755551324
0.09082765766187477
-2.638937829015426
0.09490847742448619
-2.607521902479528
0.0992883087194175
-2.57610597594363
0.10399374526796593
-2.5446900494077327
0.10905401961861501
-2.5132741228718345
0.1145012547476448
-2.4818581963359367
0.12037072971997696
-2.4504422698000385
0.12670115613994434
-2.419026343264141
0.1335349603667265
-2.3876104167282426
0.14091856396162653
-2.356194490192345
0.14890265175181894
-2.324778563656447
0.15754241279940123
-2.293362637120549
0.1668977344217736
-2.261946710584651
0.17703332296149102
-2.230530784048753
0.18801871706640164
-2.199114857512855
0.19992814964224376
-2.167698930976957
0.21284020327463124
-2.1362830044410597
0.22683719080217415
-2.1048670779051615
0.24200417807610025
-2.0734511513692637
0.2584275502918243
-2.0420352248333655
0.27619300759869986
-2.0106192982974678
0.2953828615845365
-1.9792033717615696
0.3160724940587301
-1.9477874452256718
0.3383258367502971
-1.9163715186897738
0.36218973956604733
-1.8849555921538759
0.3876871216885157
-1.853539665617978
0.41480885080310015
-1.82212373908208
0.44350437858457475
-1.790707812546182
0.47367128248748025
-1.7592918860102844
0.5051440304989794
-1.7278759594743864
0.5376824987752513
-1.6964600329384885
0.5709610275240727
-1.6650441064025905
0.6045590840674291
-1.6336281798666925
0.6379548868783775
-1.6022122533307945
0.6705235885335908
-1.5707963267948966
0.7015417613879552
-1.5393804002589986
0.7301999072455245
-1.5079644737231006
0.7556244466135906
-1.4765485471872026
0.7769100686187123
-1.4451326206513049
0.7931624020314095
-1.413716694115407
0.8035497149429002
-1.382300767579509
0.8073608520655717
-1.350884841043611
0.8040650472032184
-1.319468914507713
0.7933678603178589
-1.288052987971815
0.7752565964642131
-1.2566370614359172
0.7500284831241212
-1.2252211349000193
0.7182958548044512
-1.1938052083641213
0.680964703041633
-1.1623892818282235
0.6391860500718909
-1.1309733552923256
0.594283297151632
-1.0995574287564276
0.5476623638984757
-1.0681415022205298
0.5007143497521694
-1.0367255756846319
0.4547219471142686
-1.0053096491487339
0.41078049521098003
-0.9738937226128359
0.3697423450273013
-0.9424777960769379
0.3321895009626955
-0.91106186954104
0.29843506413467036
-0.8796459430051422
0.2685497451064789
-0.8482300164692442
0.24240649737630218
-0.8168140899333463
0.21973469987009397
-0.7853981633974483
0.20017543397077409
-0.7539822368615503
0.18333096570595298
-0.7225663103256524
0.16880399214350167
-0.6911503837897545
0.1562248554963361
-0.6597344572538565
0.14526719588354908
-0.6283185307179586
0.13565404642506243
-0.5969026041820606
0.12715707951200034
-0.5654866776461628
0.11959171564188723
-0.5340707511102649
0.11281034643045645
-0.5026548245743669
0.10669526404253557
-0.47123889803846897
0.10115223758738372
-0.4398229715025711
0.0961051558991087
-0.4084070449666731
0.09149180739607023
-0.37699111843077515
0.08726067690522725
-0.34557519189487723
0.08336856480909609
-0.3141592653589793
0.0797788298503533
-0.2827433388230814
0.0764600864821264
-0.25132741228718347
0.07338522676752753
-0.21991148575128555
0.07053067297257186
-0.18849555921538758
0.06787579550150295
-0.15707963267948966
0.06540245136135146
-0.12566370614359174
0.06309461237049831
-0.09424777960769379
0.06093806165407114
-0.06283185307179587
0.058920143137559756
-0.031415926535897934
0.05702955287423714
0.
0.05525616386024698
0.031415926535897934
0.05359087796901981
0.06283185307179587
0.05202550006217727
0.09424777960769379
0.05055263038624122
0.12566370614359174
0.0491655721566312
0.15707963267948966
0.04785825183683276
0.18849555921538758
0.04662515009109424
0.21991148575128555
0.04546124175824863
0.25132741228718347
0.04436194348692105
0.2827433388230814
0.043323067906351216
0.3141592653589793
0.04234078339555783
0.34557519189487723
0.04141157866650952
0.37699111843077515
0.04053223150182025
0.4084070449666731
0.03969978109003237
0.4398229715025711
0.03891150348621484
0.47123889803846897
0.038164889795853495
0.5026548245743669
0.037457626738583
0.5340707511102649
0.03678757929735474
0.5654866776461628
0.03615277519985533
0.5969026041820606
0.03555139101380381
0.6283185307179586
0.03498173966722355
0.6597344572538565
0.0344422592298484
0.6911503837897545
0.03393150281319271
0.7225663103256524
0.033448129465093825
0.7539822368615503
0.03299089595022881
0.7853981633974483
0.03255864932160527
0.8168140899333463
0.03215032019967564
0.8482300164692442
0.031764916685808504
0.8796459430051422
0.03140151884559447
0.91106186954104
0.031059273705069924
0.9424777960769379
0.030737390709574628
0.9738937226128359
0.030435137600751876
1.0053096491487339
0.030151836672287748
1.0367255756846319
0.029886861369430334
1.0681415022205298
0.029639633201271484
1.0995574287564276
0.029409618938225465
1.1309733552923256
0.02919632807021489
1.1623892818282235
0.02899931050378159
1.1938052083641213
0.028818154478771025
1.2252211349000193
0.02865248468738537
1.2566370614359172
0.028501960580329215
1.288052987971815
0.02836627484651513
1.319468914507713
0.028245152054341034
1.350884841043611
0.028138347443969508
1.382300767579509
0.02804564586131712
1.413716694115407
0.027966860825632007
1.4451326206513049
0.02790183372360145
1.4765485471872026
0.02785043312392792
1.5079644737231006
0.027812554207220487
1.5393804002589986
0.02778811830690555
1.5707963267948966
0.02777707255767131
1.6022122533307945
0.027779389648720357
1.6336281798666925
0.027795067679835042
1.6650441064025905
0.02782413011897497
1.6964600329384885
0.027866625860809135
1.7278759594743864
0.02792262938626913
1.7592918860102844
0.027992241023884524
1.790707812546182
0.028075587314344445
1.82212373908208
0.028172821480423212
1.853539665617978
0.02828412400510162
1.8849555921538759
0.028409703321474553
1.9163715186897738
0.02854979661877481
1.9477874452256718
0.02870467076965954
1.9792033717615696
0.028874623384759292
2.0106192982974678
0.029059984001387876
2.0420352248333655
0.029261115414290287
2.0734511513692637
0.029478415157360088
2.1048670779051615
0.029712317146377974
2.1362830044410597
0.029963293494078558
2.167698930976957
0.03023185651017479
2.199114857512855
0.030518560900481082
2.230530784048753
0.030824006180845603
2.261946710584651
0.031148839323443863
2.293362637120549
0.0314937576548933
2.324778563656447
0.03185951202787347
2.356194490192345
0.032246910290298206
2.3876104167282426
0.03265682107879355
2.419026343264141
0.03309017796616321
2.4504422698000385
0.0335479839958407
2.4818581963359367
0.03403131663999244
2.5132741228718345
0.03454133322200542
2.5446900494077327
0.03507927684867569
2.57610597594363
0.035646482902483054
2.607521902479528
0.0362443861500403
2.638937829015426
0.036874528529143746
2.670353755551324
0.03753856768398436
2.701769682087222
0.038238286326020866
2.73318560862312
0.03897560250694558
2.764601535159018
0.03975258090014566
2.796017461694916
0.040571445198256305
2.827433388230814
0.04143459174693347
2.858849314766712
0.042344604549019824
2.8902652413026098
0.04330427178900236
2.921681167838508
0.044316604045280455
2.9530970943744053
0.0453848543774674
2.9845130209103035
0.04651254049800033
3.015928947446201
0.04770346926193047
3.0473448739820994
0.04896176373624673
3.078760800517997
0.050291893140617196
3.1101767270538954
0.051698705985403846
3.141592653589793
0.053187466770373934
-3.141592653589793
0.06254895422194007
-3.1101767270538954
0.06424111387717313
-3.078760800517997
0.0660241874551634
-3.0473448739820994
0.0679036845924557
-3.015928947446201
0.06988550443816519
-2.9845130209103035
0.07197596286683348
-2.9530970943744053
0.07418182118885001
-2.921681167838508
0.07651031632176393
-2.8902652413026098
0.07896919235009034
-2.858849314766712
0.08156673335650536
-2.827433388230814
0.08431179735192645
-2.796017461694916
0.08721385106395262
-2.764601535159018
0.0902830052603213
-2.73318560862312
0.09353005018394293
-2.701769682087222
0.09696649055601159
-2.670353755551324
0.10060457946069512
-2.638937829015426
0.1044573502557717
-2.607521902479528
0.10853864545503351
-2.57610597594363
0.11286314129689028
-2.5446900494077327
0.11744636644609802
-2.5132741228718345
0.12230471296889844
-2.4818581963359367
0.12745543737360507
-2.4504422698000385
0.13291664911723672
-2.419026343264141
0.13870728354397807
-2.3876104167282426
0.14484705574468415
-2.356194490192345
0.1513563913127073
-2.324778563656447
0.1582563294276821
-2.293362637120549
0.16556839313780297
-2.261946710584651
0.17331442115022003
-2.230530784048753
0.1815163549030063
-2.199114857512855
0.19019597421327192
-2.167698930976957
0.19937457441644363
-2.1362830044410597
0.20907257768408077
-2.1048670779051615
0.21930907119619392
-2.0734511513692637
0.23010126512515836
-2.0420352248333655
0.2414638640506013
-2.0106192982974678
0.25340834656717387
-1.9792033717615696
0.26594214957792106
-1.9477874452256718
0.2790677561967519
-1.9163715186897738
0.2927816894244596
-1.8849555921538759
0.30707341791251114
-1.853539665617978
0.32192418526400884
-1.82212373908208
0.3373057804812114
-1.790707812546182
0.3531792743389889
-1.7592918860102844
0.3694937545549513
-1.7278759594743864
0.3861851014572334
-1.6964600329384885
0.4031748551223721
-1.6650441064025905
0.4203692342403038
-1.6336281798666925
0.4376583756791084
-1.6022122533307945
0.4549158712044032
-1.5707963267948966
0.47199868297027
-1.5393804002589986
0.4887475218711042
-1.5079644737231006
0.5049877705604446
-1.4765485471872026
0.5205310261274955
-1.4451326206513049
0.5351773241255922
-1.413716694115407
0.5487180857501457
-1.382300767579509
0.5609398029557233
-1.350884841043611
0.5716284422349251
-1.319468914507713
0.5805745076028356
-1.288052987971815
0.5875786583103434
-1.2566370614359172
0.5924577292804504
-1.2252211349000193
0.5950509551601203
-1.1938052083641213
0.5952261558154571
-1.1623892818282235
0.5928856061115237
-1.1309733552923256
0.5879712900924948
-1.0995574287564276
0.5804692331318251
-1.0681415022205298
0.5704126184692837
-1.0367255756846319
0.5578834288287955
-1.0053096491487339
0.5430124099494738
-0.9738937226128359
0.5259772293619683
-0.9424777960769379
0.5069987970142524
-0.91106186954104
0.48633581877433657
-0.8796459430051422
0.4642777620722801
-0.8482300164692442
0.4411365164883031
-0.8168140899333463
0.41723712206057384
-0.7853981633974483
0.39290800611331955
-0.7539822368615503
0.3684712086081327
-0.7225663103256524
0.34423308184816936
-0.6911503837897545
0.3204759212495278
-0.6597344572538565
0.2974509215802483
-0.6283185307179586
0.27537276255008325
-0.5969026041820606
0.2544160167024731
-0.5654866776461628
0.23471345097734236
-0.5340707511102649
0.21635617174763516
-0.5026548245743669
0.1993954519677762
-0.47123889803846897
0.18384598727011864
-0.4398229715025711
0.16969026200757747
-0.4084070449666731
0.15688366999953796
-0.37699111843077515
0.14536002854344204
-0.34557519189487723
0.13503714556804555
-0.3141592653589793
0.1258221436476851
-0.2827433388230814
0.11761630435171097
-0.25132741228718347
0.11031926473092116
-0.21991148575128555
0.10383246748641309
-0.18849555921538758
0.09806183131366704
-0.15707963267948966
0.09291966333824103
-0.12566370614359174
0.08832587848985059
-0.09424777960769379
0.08420861990205027
-0.06283185307179587
0.08050439034583935
-0.031415926535897934
0.07715780888969045
0.
0.07412110178947234
0.031415926535897934
0.07135342476314525
0.06283185307179587
0.06882009798169798
0.09424777960769379
0.06649181769795012
0.12566370614359174
0.06434389131284353
0.15707963267948966
0.062355527212427
0.18849555921538758
0.060509197672166795
0.21991148575128555
0.058790082861639247
0.25132741228718347
0.057185596457017845
0.2827433388230814
0.055684988305301074
0.3141592653589793
0.054279016569484154
0.34557519189487723
0.052959680355642344
0.37699111843077515
0.05172000353454268
0.4084070449666731
0.050553860931197445
0.4398229715025711
0.04945583895041487
0.47123889803846897
0.048421123799013005
0.5026548245743669
0.04744541159304001
0.5340707511102649
0.04652483569909011
0.5654866776461628
0.04565590759746939
0.5969026041820606
0.04483546834970415
0.6283185307179586
0.04406064840348123
0.6597344572538565
0.04332883398692958
0.6911503837897545
0.04263763874950022
0.7225663103256524
0.041984879618506936
0.7539822368615503
0.041368556077570236
0.7853981633974483
0.04078683225235382
0.8168140899333463
0.04023802132386536
0.8482300164692442
0.03972057189120501
0.8796459430051422
0.039233055982492486
0.91106186954104
0.03877415847121995
0.9424777960769379
0.038342667700254476
0.9738937226128359
0.03793746715065737
1.0053096491487339
0.037557528019972274
1.0367255756846319
0.03720190259650124
1.0681415022205298
0.03686971833371362
1.0995574287564276
0.03656017254328394
1.1309733552923256
0.03627252763707414
1.1623892818282235
0.03600610685818981
1.1938052083641213
0.03576029044947217
1.2252211349000193
0.03553451221472524
1.2566370614359172
0.03532825643388498
1.288052987971815
0.03514105509838186
1.319468914507713
0.03497248543729062
1.350884841043611
0.03482216770860913
1.382300767579509
0.034689763233277666
1.413716694115407
0.03457497265239151
1.4451326206513049
0.034477534390563856
1.4765485471872026
0.034397223310604234
1.5079644737231006
0.03433384954663323
1.5393804002589986
0.03428725750450054
1.5707963267948966
0.03425732501994397
1.6022122533307945
0.034243962666337564
1.6336281798666925
0.03424711320516727
1.6650441064025905
0.0342667511735477
1.6964600329384885
0.034302882604182794
1.7278759594743864
0.0343555448741822
1.7592918860102844
0.03442480668009636
1.790707812546182
0.034510768137430516
1.82212373908208
0.03461356100375914
1.853539665617978
0.034733349025389354
1.8849555921538759
0.0348703284083359
1.9163715186897738
0.035024728415162326
1.9477874452256718
0.03519681209003852
1.9792033717615696
0.0353868771151588
2.0106192982974678
0.03559525680246906
2.0420352248333655
0.03582232122547226
2.0734511513692637
0.03606847849672863
2.1048670779051615
0.036334176197535664
2.1362830044410597
0.036619902967188235
2.167698930976957
0.03692619026016672
2.199114857512855
0.03725361428060813
2.230530784048753
0.03760279810446504
2.261946710584651
0.0379744140008851
2.293362637120549
0.038369185965525895
2.324778563656447
0.03878789247978926
2.356194490192345
0.03923136951130096
2.3876104167282426
0.03970051377240852
2.419026343264141
0.04019628625499065
2.4504422698000385
0.0407197160615182
2.4818581963359367
0.041271904554049464
2.5132741228718345
0.041854029844695904
2.5446900494077327
0.04246735165308819
2.57610597594363
0.043113216558456235
2.607521902479528
0.043793063676186766
2.638937829015426
0.04450843079105528
2.670353755551324
0.045260960981827796
2.701769682087222
0.046052409774506364
2.73318560862312
0.04688465286421177
2.764601535159018
0.04775969444848709
2.796017461694916
0.04867967621768049
2.827433388230814
0.04964688705097571
2.858849314766712
0.05066377346955668
2.8902652413026098
0.05173295090125074
2.921681167838508
0.05285721581374337
2.9530970943744053
0.05403955877598949
2.9845130209103035
0.05528317850966879
3.015928947446201
0.05659149699429387
3.0473448739820994
0.05796817569072481
3.078760800517997
0.059417132948133014
3.1101767270538954
0.06094256265867757
3.141592653589793
0.06254895422194007
-3.141592653589793
0.07061742546721443
-3.1101767270538954
0.0723188471132333
-3.078760800517997
0.07410191231459366
-3.0473448739820994
0.07597066945740504
-3.015928947446201
0.07792938466574144
-2.9845130209103035
0.07998255038057005
-2.9530970943744053
0.08213489370320004
-2.921681167838508
0.08439138436971427
-2.8902652413026098
0.08675724219894893
-2.858849314766712
0.08923794382963653
-2.827433388230814
0.09183922853207675
-2.796017461694916
0.09456710284592847
-2.764601535159018
0.09742784375822487
-2.73318560862312
0.10042800009435497
-2.701769682087222
0.10357439174941985
-2.670353755551324
0.10687410633805959
-2.638937829015426
0.11033449278762497
-2.607521902479528
0.1139631513426893
-2.57610597594363
0.11776791938870441
-2.5446900494077327
0.12175685243978095
-2.5132741228718345
0.12593819957085883
-2.4818581963359367
0.13032037250921932
-2.4504422698000385
0.13491190753571378
-2.419026343264141
0.1397214192844173
-2.3876104167282426
0.14475754547272227
-2.356194490192345
0.15002888154538724
-2.324778563656447
0.15554390417903755
-2.293362637120549
0.16131088257227608
-2.261946710584651
0.16733777644563175
-2.230530784048753
0.1736321197004907
-2.199114857512855
0.1802008887430314
-2.167698930976957
0.18705035457454733
-2.1362830044410597
0.19418591789092343
-2.1048670779051615
0.20161192662854185
-2.0734511513692637
0.2093314756496529
-2.0420352248333655
0.21734618858466087
-2.0106192982974678
0.22565598224896866
-1.9792033717615696
0.23425881453425837
-1.9477874452256718
0.2431504172429117
-1.9163715186897738
0.2523240159924815
-1.8849555921538759
0.2617700400639906
-1.853539665617978
0.2714758258999941
-1.82212373908208
0.2814253188667955
-1.790707812546182
0.2915987788663631
-1.7592918860102844
0.3019724963980603
-1.7278759594743864
0.3125185266996784
-1.6964600329384885
0.3232044506100773
-1.6650441064025905
0.33399317174753923
-1.6336281798666925
0.3448427604411419
-1.6022122533307945
0.3557063555301862
-1.5707963267948966
0.3665321355969914
-1.5393804002589986
0.37726337135514054
-1.5079644737231006
0.38783857071065486
-1.4765485471872026
0.3981917273815337
-1.4451326206513049
0.4082526828426333
-1.413716694115407
0.41794760969143674
-1.382300767579509
0.42719962233290304
-1.350884841043611
0.4359295179979922
-1.319468914507713
0.444056647765554
-1.288052987971815
0.4514999132794525
-1.2566370614359172
0.4581788804535543
-1.2252211349000193
0.4640149966959523
-1.1938052083641213
0.4689328932125334
-1.1623892818282235
0.4728617489630797
-1.1309733552923256
0.4757366880504859
-1.0995574287564276
0.4775001779677999
-1.0681415022205298
0.47810339246697475
-1.0367255756846319
0.4775075001030451
-1.0053096491487339
0.4756848379949094
-0.9738937226128359
0.4726199302438491
-0.9424777960769379
0.4683103119327603
-0.91106186954104
0.4627671227980969
-0.8796459430051422
0.4560154395502755
-0.8482300164692442
0.4480943223586351
-0.8168140899333463
0.43905655904213753
-0.7853981633974483
0.42896809979783734
-0.7539822368615503
0.4179071854595643
-0.7225663103256524
0.4059631829398441
-0.6911503837897545
0.393235152154003
-0.6597344572538565
0.3798301788626854
-0.6283185307179586
0.3658615169705071
-0.5969026041820606
0.3514465914144921
-0.5654866776461628
0.33670491842656536
-0.5340707511102649
0.32175600334051824
-0.5026548245743669
0.3067172770150393
-0.47123889803846897
0.2917021302819549
-0.4398229715025711
0.2768181016648979
-0.4084070449666731
0.2621652671526877
-0.37699111843077515
0.24783487238799484
-0.34557519189487723
0.2339082376891531
-0.3141592653589793
0.2204559553850439
-0.2827433388230814
0.20753738757957785
-0.25132741228718347
0.19520046125137136
-0.21991148575128555
0.18348174708468204
-0.18849555921538758
0.17240679910521314
-0.15707963267948966
0.16199072445291507
-0.12566370614359174
0.15223894674627736
-0.09424777960769379
0.1431481226315789
-0.06283185307179587
0.13470716930915053
-0.031415926535897934
0.12689836097517276
0.
0.11969845410377906
0.031415926535897934
0.11307980483452092
0.06283185307179587
0.10701144636516897
0.09424777960769379
0.10146009985196168
0.12566370614359174
0.09639109786040753
0.15707963267948966
0.09176920563807157
0.18849555921538758
0.08755933114510914
0.21991148575128555
0.08372712010518575
0.25132741228718347
0.0802394370020004
0.2827433388230814
0.07706473683466712
0.3141592653589793
0.07417333549458564
0.34557519189487723
0.07153758882974245
0.37699111843077515
0.0691319918599499
0.4084070449666731
0.06693321027571801
0.4398229715025711
0.06492005639724151
0.47123889803846897
0.06307342130592503
0.5026548245743669
0.061376174011107676
0.5340707511102649
0.0598130373975841
0.5654866776461628
0.05837044942341821
0.5969026041820606
0.05703641669615009
0.6283185307179586
0.05580036622554736
0.6597344572538565
0.05465299989149615
0.6911503837897545
0.053586155018182355
0.7225663103256524
0.052592673436429774
0.7539822368615503
0.051666280557541744
0.7853981633974483
0.050801475275955445
0.8168140899333463
0.0499934309579083
0.8482300164692442
0.04923790734680744
0.8796459430051422
0.048531172907189474
0.91106186954104
0.04786993692044523
0.9424777960769379
0.04725129051900001
0.9738937226128359
0.046672655784326285
1.0053096491487339
0.046131742022529884
1.0367255756846319
0.04562650835572425
1.0681415022205298
0.045155131816608796
1.0995574287564276
0.04471598019830522
1.1309733552923256
0.04430758898433026
1.1623892818282235
0.04392864175910787
1.1938052083641213
0.04357795357371768
1.2252211349000193
0.04325445681196235
1.2566370614359172
0.042957189166664696
1.288052987971815
0.042685283394492284
1.319468914507713
0.042437958569251574
1.350884841043611
0.042214512598593955
1.382300767579509
0.042014315807803064
1.413716694115407
0.04183680542730909
1.4451326206513049
0.04168148084841257
1.4765485471872026
0.04154789953503195
1.5079644737231006
0.041435673498723714
1.5393804002589986
0.04134446626034496
1.5707963267948966
0.04127399023505451
1.6022122533307945
0.041224004488339516
1.6336281798666925
0.04119431281981289
1.6650441064025905
0.041184762138995176
1.6964600329384885
0.04119524110345744
1.7278759594743864
0.04122567899480524
1.7592918860102844
0.041276044812220726
1.790707812546182
0.04134634656682108
1.82212373908208
0.04143663076306336
1.853539665617978
0.04154698205593799
1.8849555921538759
0.04167752307484289
1.9163715186897738
0.04182841440686895
1.9477874452256718
0.04199985473383475
1.9792033717615696
0.04219208111881161
2.0106192982974678
0.04240536943912904
2.0420352248333655
0.04264003496396646
2.0734511513692637
0.0428964330756528
2.1048670779051615
0.04317496013471567
2.1362830044410597
0.04347605448958634
2.167698930976957
0.043800197632655795
2.199114857512855
0.044147915505135193
2.230530784048753
0.0445197799538747
2.261946710584651
0.04491641034397875
2.293362637120549
0.04533847533169001
2.324778563656447
0.045786694802636925
2.356194490192345
0.046261841981123486
2.3876104167282426
0.04676474571670462
2.419026343264141
0.04729629295481835
2.4504422698000385
0.047857431398749234
2.4818581963359367
0.04844917237065756
2.5132741228718345
0.04907259387982581
2.5446900494077327
0.049728843906645566
2.57610597594363
0.050419143911161916
2.607521902479528
0.05114479257523105
2.638937829015426
0.051907169787469475
2.670353755551324
0.052707740880211365
2.701769682087222
0.05354806112757145
2.73318560862312
0.05442978051345207
2.764601535159018
0.05535464877787368
2.796017461694916
0.056324520749326555
2.827433388230814
0.05734136196989609
2.858849314766712
0.05840725461865133
2.8902652413026098
0.05952440373715621
2.921681167838508
0.060695143758902934
2.9530970943744053
0.06192194534190252
2.9845130209103035
0.06320742250052172
3.015928947446201
0.06455434002883213
3.0473448739820994
0.06596562120313956
3.078760800517997
0.06744435574586695
3.1101767270538954
0.0689938080264487
3.141592653589793
0.07061742546721443
-3.141592653589793
0.07669138516105296
-3.1101767270538954
0.07832248567454017
-3.078760800517997
0.08002429301139546
-3.0473448739820994
0.08179966241697663
-3.015928947446201
0.08365156434224756
-2.9845130209103035
0.08558308545947492
-2.9530970943744053
0.08759742914672902
-2.921681167838508
0.08969791534755847
-2.8902652413026098
0.09188797970189033
-2.858849314766712
0.09417117183320775
-2.827433388230814
0.09655117175672961
-2.796017461694916
0.09903169063165901
-2.764601535159018
0.10161665661480948
-2.73318560862312
0.10431001748115284
-2.701769682087222
0.10711582798431415
-2.670353755551324
0.11003822089226474
-2.638937829015426
0.11308139510485674
-2.607521902479528
0.11624960155230847
-2.57610597594363
0.11954712664234318
-2.5446900494077327
0.12297827301371031
-2.5132741228718345
0.12654733734412285
-2.4818581963359367
0.13025858495306608
-2.4504422698000385
0.13411622093506356
-2.419026343264141
0.13812435755754332
-2.3876104167282426
0.14228697766017817
-2.356194490192345
0.14660789380035374
-2.324778563656447
0.1510907029031603
-2.293362637120549
0.15573873619502196
-2.261946710584651
0.16055500422881433
-2.230530784048753
0.1655421368461854
-2.199114857512855
0.17070231797089838
-2.167698930976957
0.17603721518646004
-2.1362830044410597
0.18154790412314928
-2.1048670779051615
0.1872347877647903
-2.0734511513692637
0.193097510885035
-2.0420352248333655
0.19913486993719157
-2.0106192982974678
0.20534471885108474
-1.9792033717615696
0.21172387133510667
-1.9477874452256718
0.21826800044110006
-1.9163715186897738
0.22497153632311487
-1.8849555921538759
0.23182756330688614
-1.853539665617978
0.23882771758293028
-1.82212373908208
0.24596208703953945
-1.790707812546182
0.25321911495892413
-1.7592918860102844
0.2605855095056922
-1.7278759594743864
0.2680461611362836
-1.6964600329384885
0.27558407024446785
-1.6650441064025905
0.28318028752433877
-1.6336281798666925
0.29081386967030654
-1.6022122533307945
0.29846185313476153
-1.5707963267948966
0.3060992487191362
-1.5393804002589986
0.3136990597736904
-1.5079644737231006
0.3212323267160958
-1.4765485471872026
0.3286682004399502
-1.4451326206513049
0.335974046963636
-1.413716694115407
0.34311558536065867
-1.382300767579509
0.35005706060985486
-1.350884841043611
0.35676145250488317
-1.319468914507713
0.3631907211674012
-1.288052987971815
0.3693060890206184
-1.2566370614359172
0.37506835830887064
-1.2252211349000193
0.3804382623858378
-1.1938052083641213
0.3853768481306161
-1.1623892818282235
0.38984588583359997
-1.1309733552923256
0.3938083019986935
-1.0995574287564276
0.39722862951689014
-1.0681415022205298
0.4000734687681757
-1.0367255756846319
0.40231195237049067
-1.0053096491487339
0.403916205566395
-0.9738937226128359
0.40486179365245883
-0.9424777960769379
0.40512814744624526
-0.91106186954104
0.40469895758094976
-0.8796459430051422
0.4035625284440795
-0.8482300164692442
0.40171208285352183
-0.8168140899333463
0.39914600910440284
-0.7853981633974483
0.395868042826807
-0.7539822368615503
0.39188737716190675
-0.7225663103256524
0.3872186960761065
-0.6911503837897545
0.38188212716308073
-0.6597344572538565
0.3759031119955481
-0.6283185307179586
0.36931219393659537
-0.5969026041820606
0.3621447252509019
-0.5654866776461628
0.3544404973096263
-0.5340707511102649
0.3462432995957738
-0.5026548245743669
0.3376004150247928
-0.47123889803846897
0.3285620607349247
-0.4398229715025711
0.31918078491424107
-0.4084070449666731
0.309510831365002
-0.37699111843077515
0.29960748431768347
-0.34557519189487723
0.2895264064666245
-0.3141592653589793
0.2793229832883886
-0.2827433388230814
0.26905168641914895
-0.25132741228718347
0.25876546821929847
-0.21991148575128555
0.24851519866668162
-0.18849555921538758
0.23834915443179427
-0.15707963267948966
0.2283125684476586
-0.12566370614359174
0.21844724655129555
-0.09424777960769379
0.20879125590619113
-0.06283185307179587
0.1993786879839733
-0.031415926535897934
0.1902394969529931
0.
0.1813994124604696
0.031415926535897934
0.17287992405797745
0.06283185307179587
0.16469833296161338
0.09424777960769379
0.15686786549873086
0.12566370614359174
0.1493978415038109
0.15707963267948966
0.14229389010629473
0.18849555921538758
0.13555820481070274
0.21991148575128555
0.12918982950074812
0.25132741228718347
0.12318496699090833
0.2827433388230814
0.11753730197875327
0.3141592653589793
0.11223833068995921
0.34557519189487723
0.10727769012093576
0.37699111843077515
0.10264348053371748
0.4084070449666731
0.09832257570539454
0.4398229715025711
0.0943009163415059
0.47123889803846897
0.09056378299325606
0.5026548245743669
0.08709604573926329
0.5340707511102649
0.08388238877526606
0.5654866776461628
0.08090750887628372
0.5969026041820606
0.07815628743694421
0.6283185307179586
0.07561393644423617
0.6597344572538565
0.07326611928514826
0.6911503837897545
0.07109904773660707
0.7225663103256524
0.0690995568280467
0.7539822368615503
0.06725515951256225
0.7853981633974483
0.0655540832383805
0.8168140899333463
0.06398529058779492
0.8482300164692442
0.06253848615653504
0.8796459430051422
0.06120411179418824
0.91106186954104
0.059973332227274065
0.9424777960769379
0.05883801295200459
0.9738937226128359
0.05779069212401474
1.0053096491487339
0.05682454799676487
1.0367255756846319
0.055933363277048495
1.0681415022205298
0.05511148758196622
1.0995574287564276
0.054353799002419184
1.1309733552923256
0.05365566560796729
1.1623892818282235
0.05301290756994279
1.1938052083641213
0.052421760436133044
1.2252211349000193
0.05187883996234513
1.2566370614359172
0.05138110879419775
1.288052987971815
0.0509258451963756
1.319468914507713
0.0505106139456887
1.350884841043611
0.05013323943760982
1.382300767579509
0.04979178100229485
1.413716694115407
0.04948451038405313
1.4451326206513049
0.04920989130641196
1.4765485471872026
0.04896656102189207
1.5079644737231006
0.04875331373001422
1.5393804002589986
0.048569085737622676
1.5707963267948966
0.04841294223117158
1.6022122533307945
0.04828406553013737
1.6336281798666925
0.048181744693289306
1.6650441064025905
0.048105366354383276
1.6964600329384885
0.04805440667028971
1.7278759594743864
0.04802842427207541
1.7592918860102844
0.04802705411769231
1.790707812546182
0.04805000215333357
1.82212373908208
0.04809704069892691
1.853539665617978
0.04816800448144434
1.8849555921538759
0.0482627872475733
1.9163715186897738
0.04838133889470806
1.9477874452256718
0.04852366306613137
1.9792033717615696
0.04868981516261966
2.0106192982974678
0.04887990072852081
2.0420352248333655
0.04909407417561594
2.0734511513692637
0.04933253781282513
2.1048670779051615
0.04959554115404021
2.1362830044410597
0.04988338048015145
2.167698930976957
0.05019639863465731
2.199114857512855
0.0505349850351878
2.230530784048753
0.05089957588583534
2.261946710584651
0.05129065457743106
2.293362637120549
0.051708752264834956
2.324778563656447
0.05215444861197718
2.356194490192345
0.05262837269680171
2.3876104167282426
0.053131204069455346
2.419026343264141
0.05366367395804761
2.4504422698000385
0.054226566617099285
2.4818581963359367
0.054820720814409196
2.5132741228718345
0.055447031452508615
2.5446900494077327
0.05610645132115309
2.57610597594363
0.056799992977412415
2.607521902479528
0.05752873074988107
2.638937829015426
0.05829380286331735
2.670353755551324
0.05909641367965119
2.701769682087222
0.05993783605074629
2.73318560862312
0.06081941377757031
2.764601535159018
0.06174256416954879
2.796017461694916
0.06270878069630384
2.827433388230814
0.06371963572411384
2.858849314766712
0.06477678332479465
2.8902652413026098
0.06588196214657677
2.921681167838508
0.06703699833135153
2.9530970943744053
0.06824380846165519
2.9845130209103035
0.0695044025174677
3.015928947446201
0.07082088681971245
3.0473448739820994
0.07219546693368549
3.078760800517997
0.07363045050153426
3.1101767270538954
0.07512824996831578
3.141592653589793
0.07669138516105296
-3.141592653589793
0.08125650388669747
-3.1101767270538954
0.08277504971256655
-3.078760800517997
0.08435434811424465
-3.0473448739820994
0.08599637823371398
-3.015928947446201
0.08770317892527403
-2.9845130209103035
0.0894768470651279
-2.9530970943744053
0.09131953540515608
-2.921681167838508
0.09323344991586105
-2.8902652413026098
0.09522084655947684
-2.858849314766712
0.09728402743034567
-2.827433388230814
0.09942533619574809
-2.796017461694916
0.10164715276650597
-2.764601535159018
0.10395188712292826
-2.73318560862312
0.10634197221811659
-2.701769682087222
0.108819855877382
-2.670353755551324
0.1113879916096508
-2.638937829015426
0.11404882824437591
-2.607521902479528
0.11680479830575269
-2.57610597594363
0.1196583050351189
-2.5446900494077327
0.12261170797245866
-2.5132741228718345
0.12566730700911208
-2.4818581963359367
0.12882732482631878
-2.4504422698000385
0.13209388763829547
-2.419026343264141
0.13546900416440127
-2.3876104167282426
0.1389545427620156
-2.356194490192345
0.1425522066682094
-2.324778563656447
0.14626350728873544
-2.293362637120549
0.15008973553259636
-2.261946710584651
0.1540319311533672
-2.230530784048753
0.15809085012439875
-2.199114857512855
0.16226693007786208
-2.167698930976957
0.16656025387255424
-2.1362830044410597
0.17097051138695385
-2.1048670779051615
0.17549695967019985
-2.0734511513692637
0.18013838162369433
-2.0420352248333655
0.18489304342984195
-2.0106192982974678
0.1897586509918746
-1.9792033717615696
0.19473230569952923
-1.9477874452256718
0.1998104598891372
-1.9163715186897738
0.2049888724229763
-1.8849555921538759
0.21026256487082093
-1.853539665617978
0.2156257788357138
-1.82212373908208
0.22107193502508213
-1.790707812546182
0.2265935947262663
-1.7592918860102844
0.2321824244009975
-1.7278759594743864
0.23782916416486097
-1.6964600329384885
0.2435236009636498
-1.6650441064025905
0.2492545472969814
-1.6336281798666925
0.2550098263686792
-1.6022122533307945
0.26077626456136793
-1.5707963267948966
0.26653969213652157
-1.5393804002589986
0.27228495305247996
-1.5079644737231006
0.27799592476133056
-1.4765485471872026
0.28365554880178595
-1.4451326206513049
0.28924587293521015
-1.413716694115407
0.2947481054826723
-1.382300767579509
0.3001426824079316
-1.350884841043611
0.3054093475548922
-1.319468914507713
0.3105272462883134
-1.288052987971815
0.3154750326040295
-1.2566370614359172
0.32023098957096885
-1.2252211349000193
0.32477316274388307
-1.1938052083641213
0.32907950594575014
-1.1623892818282235
0.3331280385658474
-1.1309733552923256
0.3368970132578967
-1.0995574287564276
0.3403650926575186
-1.0681415022205298
0.3435115334752505
-1.0367255756846319
0.34631637606691296
-1.0053096491487339
0.34876063734388574
-0.9738937226128359
0.3508265046688665
-0.9424777960769379
0.35249752819508795
-0.91106186954104
0.35375880895565703
-0.8796459430051422
0.35459717990132866
-0.8482300164692442
0.35500137702554474
-0.8168140899333463
0.35496219771018883
-0.7853981633974483
0.35447264347819446
-0.7539822368615503
0.35352804445272545
-0.7225663103256524
0.3521261629982818
-0.6911503837897545
0.35026727425642323
-0.6597344572538565
0.3479542215856389
-0.6283185307179586
0.34519244526721954
-0.5969026041820606
0.34198998324108615
-0.5654866776461628
0.3383574430797937
-0.5340707511102649
0.33430794490076077
-0.5026548245743669
0.3298570353173589
-0.47123889803846897
0.3250225733360125
-0.4398229715025711
0.31982458913038847
-0.4084070449666731
0.31428511758219085
-0.37699111843077515
0.30842800879217375
-0.34557519189487723
0.30227871790585525
-0.3141592653589793
0.2958640776024926
-0.2827433388230814
0.2892120562857472
-0.25132741228718347
0.2823515056426958
-0.21991148575128555
0.2753119012905347
-0.18849555921538758
0.26812308034491245
-0.15707963267948966
0.26081497975862883
-0.12566370614359174
0.25341737921211244
-0.09424777960769379
0.2459596521902018
-0.06283185307179587
0.23847052865799379
-0.031415926535897934
0.23097787245878132
0.
0.22350847620803244
0.031415926535897934
0.21608787605916865
0.06283185307179587
0.2087401882809184
0.09424777960769379
0.20148796912432557
0.12566370614359174
0.1943520989825356
0.15707963267948966
0.18735169137053623
0.18849555921538758
0.18050402678698432
0.21991148575128555
0.17382451107706182
0.25132741228718347
0.16732665750382256
0.2827433388230814
0.16102209136410506
0.3141592653589793
0.1549205756605771
0.34557519189487723
0.14903005606890962
0.37699111843077515
0.14335672322167006
0.4084070449666731
0.13790509016978533
0.4398229715025711
0.1326780827781088
0.47123889803846897
0.1276771407619501
0.5026548245743669
0.1229023270732261
0.5340707511102649
0.11835244339381003
0.5654866776461628
0.11402514958442848
0.5969026041820606
0.10991708506411672
0.6283185307179586
0.10602399025140566
0.6597344572538565
0.10234082637749092
0.6911503837897545
0.09886189217708481
0.7225663103256524
0.09558093616815456
0.7539822368615503
0.09249126344139914
0.7853981633974483
0.0895858360887384
0.8168140899333463
0.08685736660255743
0.8482300164692442
0.08429840376995011
0.8796459430051422
0.08190141076547285
0.91106186954104
0.07965883530943767
0.9424777960769379
0.0775631719047668
0.9738937226128359
0.07560701629280364
1.0053096491487339
0.07378311237677831
1.0367255756846319
0.07208439195094825
1.0681415022205298
0.07050400764436618
1.0995574287564276
0.06903535954172572
1.1309733552923256
0.06767211598108595
1.1623892818282235
0.06640822905097228
1.1938052083641213
0.0652379453190466
1.2252211349000193
0.06415581232295327
1.2566370614359172
0.06315668134282433
1.288052987971815
0.0622357069559698
1.319468914507713
0.06138834384911472
1.350884841043611
0.06061034133368834
1.382300767579509
0.059897735976508014
1.413716694115407
0.05924684272295844
1.4451326206513049
0.05865424485352493
1.4765485471872026
0.05811678307821017
1.5079644737231006
0.05763154403770733
1.5393804002589986
0.05719584844582869
1.5707963267948966
0.056807239075071375
1.6022122533307945
0.0564634687566995
1.6336281798666925
0.05616248853850788
1.6650441064025905
0.055902436117808846
1.6964600329384885
0.05568162464395356
1.7278759594743864
0.055498531964113085
1.7592918860102844
0.05535179036786143
1.790707812546182
0.055240176870292354
1.82212373908208
0.05516260405980576
1.853539665617978
0.05511811152515903
1.8849555921538759
0.055105857866725096
1.9163715186897738
0.055125113288942186
1.9477874452256718
0.05517525276451089
1.9792033717615696
0.055255749755804294
2.0106192982974678
0.05536617047504285
2.0420352248333655
0.05550616866188215
2.0734511513692637
0.05567548085502245
2.1048670779051615
0.05587392213313153
2.1362830044410597
0.05610138229965884
2.167698930976957
0.05635782248588978
2.199114857512855
0.05664327214675421
2.230530784048753
0.05695782642436303
2.261946710584651
0.057301643854942186
2.293362637120549
0.057674944395679884
2.324778563656447
0.05807800774896155
2.356194490192345
0.05851117196247701
2.3876104167282426
0.05897483228471649
2.419026343264141
0.0594694402563825
2.4504422698000385
0.05999550301921554
2.4818581963359367
0.06055358282463143
2.5132741228718345
0.0611442967253843
2.5446900494077327
0.06176831643418363
2.57610597594363
0.062426368333790345
2.607521902479528
0.06311923362359555
2.638937829015426
0.06384774858802254
2.670353755551324
0.06461280497229012
2.701769682087222
0.06541535045113853
2.73318560862312
0.06625638917599563
2.764601535159018
0.06713698238581933
2.796017461694916
0.06805824906641397
2.827433388230814
0.06902136664242578
2.858849314766712
0.07002757168545228
2.8902652413026098
0.07107816062074769
2.921681167838508
0.07217449041387528
2.9530970943744053
0.07331797921732922
2.9845130209103035
0.07451010695563491
3.015928947446201
0.07575241582571517
3.0473448739820994
0.0770465106874097
3.078760800517997
0.07839405931686151
3.1101767270538954
0.07979679249324767
3.141592653589793
0.08125650388669747
-3.141592653589793
0.0849912404575717
-3.1101767270538954
0.08636999626273581
-3.078760800517997
0.08780169808970872
-3.0473448739820994
0.08928766829818269
-3.015928947446201
0.09082926196277581
-2.9845130209103035
0.09242786424041148
-2.9530970943744053
0.09408488742027914
-2.921681167838508
0.09580176762419737
-2.8902652413026098
0.09757996112405982
-2.858849314766712
0.09942094024193054
-2.827433388230814
0.10132618879736272
-2.796017461694916
0.10329719706566749
-2.764601535159018
0.10533545621019524
-2.73318560862312
0.10744245215122983
-2.701769682087222
0.10961965883404513
-2.670353755551324
0.11186853085848625
-2.638937829015426
0.11419049543350457
-2.607521902479528
0.11658694362052044
-2.57610597594363
0.11905922083124734
-2.5446900494077327
0.12160861654754296
-2.5132741228718345
0.12423635323356443
-2.4818581963359367
0.12694357441358406
-2.4504422698000385
0.12973133189383457
-2.419026343264141
0.1326005721103008
-2.3876104167282426
0.1355521215917408
-2.356194490192345
0.13858667153327167
-2.324778563656447
0.14170476148411834
-2.293362637120549
0.14490676216217874
-2.261946710584651
0.14819285741832836
-2.230530784048753
0.15156302538486552
-2.199114857512855
0.1550170188552207
-2.167698930976957
0.1585543449560176
-2.1362830044410597
0.16217424418778317
-2.1048670779051615
0.16587566892701489
-2.0734511513692637
0.16965726149987187
-2.0420352248333655
0.1735173319563753
-2.0106192982974678
0.17745383569354845
-1.9792033717615696
0.18146435109625922
-1.9477874452256718
0.1855460573854245
-1.9163715186897738
0.18969571288448042
-1.8849555921538759
0.1939096339363162
-1.853539665617978
0.19818367472388973
-1.82212373908208
0.20251320826811942
-1.790707812546182
0.20689310889596213
-1.7592918860102844
0.21131773648937724
-1.7278759594743864
0.21578092284153544
-1.6964600329384885
0.22027596046084233
-1.6650441064025905
0.22479559417004155
-1.6336281798666925
0.22933201586099056
-1.6022122533307945
0.23387686275930925
-1.5707963267948966
0.2384212195573336
-1.5393804002589986
0.242955624762345
-1.5079644737231006
0.24747008159406697
-1.4765485471872026
0.2519540737449549
-1.4451326206513049
0.25639658628964546
-1.413716694115407
0.2607861319956518
-1.382300767579509
0.26511078324576715
-1.350884841043611
0.2693582097335856
-1.319468914507713
0.2735157220371073
-1.288052987971815
0.27757032111179286
-1.2566370614359172
0.28150875367404193
-1.2252211349000193
0.2853175733694609
-1.1938052083641213
0.2889832075382344
-1.1623892818282235
0.2924920293033597
-1.1309733552923256
0.2958304346176257
-1.0995574287564276
0.29898492381298153
-1.0681415022205298
0.30194218710601617
-1.0367255756846319
0.3046891934148738
-1.0053096491487339
0.3072132817666977
-0.9738937226128359
0.3095022544795965
-0.9424777960769379
0.3115444712337164
-0.91106186954104
0.31332894307606574
-0.8796459430051422
0.3148454253472117
-0.8482300164692442
0.31608450847369474
-0.8168140899333463
0.31703770554006194
-0.7853981633974483
0.31769753554028335
-0.7539822368615503
0.31805760121128857
-0.7225663103256524
0.31811266037237884
-0.6911503837897545
0.31785868973398157
-0.6597344572538565
0.3172929401978617
-0.6283185307179586
0.3164139827482957
-0.5969026041820606
0.3152217441292885
-0.5654866776461628
0.31371753161557964
-0.5340707511102649
0.3119040463135124
-0.5026548245743669
0.30978538456987637
-0.47123889803846897
0.307367027220351
-0.4398229715025711
0.30465581657146873
-0.4084070449666731
0.30165992117821094
-0.37699111843077515
0.29838878865025054
-0.34557519189487723
0.29485308689018735
-0.3141592653589793
0.29106463433348173
-0.2827433388230814
0.2870363199188342
-0.25132741228718347
0.2827820136662446
-0.21991148575128555
0.2783164688748299
-0.18849555921538758
0.27365521707092266
-0.15707963267948966
0.26881445693657907
-0.12566370614359174
0.26381093852738075
-0.09424777960769379
0.2586618441448031
-0.06283185307179587
0.25338466726139447
-0.031415926535897934
0.24799709090612143
0.
0.2425168669025335
0.031415926535897934
0.2369616973145218
0.06283185307179587
0.23134911939451722
0.09424777960769379
0.2256963952486215
0.12566370614359174
0.2200204073344639
0.15707963267948966
0.21433756079291377
0.18849555921538758
0.20866369348692893
0.21991148575128555
0.20301399448267368
0.25132741228718347
0.19740293156271205
0.2827433388230814
0.19184418821166996
0.3141592653589793
0.18635061036437228
0.34557519189487723
0.1809341630580732
0.37699111843077515
0.17560589698680307
0.4084070449666731
0.17037592481961028
0.4398229715025711
0.16525340701783828
0.47123889803846897
0.1602465467714399
0.5026548245743669
0.15536259357226537
0.5340707511102649
0.15060785485439393
0.5654866776461628
0.14598771505870206
0.5969026041820606
0.14150666142134363
0.6283185307179586
0.13716831574368313
0.6597344572538565
0.13297547137414492
0.6911503837897545
0.1289301346197956
0.7225663103256524
0.12503356980636526
0.7539822368615503
0.12128634721872467
0.7853981633974483
0.11768839317827749
0.8168140899333463
0.11423904154788041
0.8482300164692442
0.11093708599727255
0.8796459430051422
0.10778083241104278
0.91106186954104
0.10476815087535349
0.9424777960769379
0.10189652673748975
0.9738937226128359
0.09916311029238382
1.0053096491487339
0.09656476471127086
1.0367255756846319
0.09409811188835188
1.0681415022205298
0.09175957594072058
1.0995574287564276
0.08954542415392824
1.1309733552923256
0.08745180521965272
1.1623892818282235
0.08547478466238208
1.1938052083641213
0.08361037739835794
1.2252211349000193
0.08185457741191075
1.2566370614359172
0.08020338457156706
1.288052987971815
0.0786528286408304
1.319468914507713
0.07719899056635837
1.350884841043611
0.0758380211494927
1.382300767579509
0.07456615722593359
1.413716694115407
0.07337973549303793
1.4451326206513049
0.07227520413505711
1.4765485471872026
0.07124913240394778
1.5079644737231006
0.07029821831754002
1.5393804002589986
0.06941929463819538
1.5707963267948966
0.06860933329399896
1.6022122533307945
0.06786544840136127
1.6336281798666925
0.06718489804300035
1.6650441064025905
0.066565084948977
1.6964600329384885
0.06600355622102103
1.7278759594743864
0.06549800223216547
1.7592918860102844
0.06504625482487705
1.790707812546182
0.06464628492170316
1.82212373908208
0.06429619965312203
1.853539665617978
0.06399423909795603
1.8849555921538759
0.06373877272252536
1.9163715186897738
0.06352829559579484
1.9477874452256718
0.0633614244491931
1.9792033717615696
0.06323689364162925
2.0106192982974678
0.06315355108254977
2.0420352248333655
0.06311035415870003
2.0734511513692637
0.06310636570360398
2.1048670779051615
0.06314075004265449
2.1362830044410597
0.06321276914111795
2.167698930976957
0.06332177887728177
2.199114857512855
0.06346722545840264
2.230530784048753
0.06364864199301007
2.261946710584651
0.06386564522947129
2.293362637120549
0.06411793246748361
2.324778563656447
0.06440527864630842
2.356194490192345
0.06472753361173078
2.3876104167282426
0.06508461955613308
2.419026343264141
0.06547652864309135
2.4504422698000385
0.06590332078838647
2.4818581963359367
0.06636512161520601
2.5132741228718345
0.06686212056219952
2.5446900494077327
0.067394569140887
2.57610597594363
0.0679627793325486
2.607521902479528
0.0685671221145492
2.638937829015426
0.06920802610527957
2.670353755551324
0.06988597631619546
2.701769682087222
0.07060151299877215
2.73318560862312
0.07135523057356398
2.764601535159018
0.07214777662793488
2.796017461694916
0.07297985096840709
2.827433388230814
0.07385220471293488
2.858849314766712
0.07476563940775346
2.8902652413026098
0.0757210061527523
2.921681167838508
0.07671920471858876
2.9530970943744053
0.07776118263796776
2.9845130209103035
0.07884793425267808
3.015928947446201
0.07998049969707502
3.0473448739820994
0.0811599637977498
3.078760800517997
0.08238745486810956
3.1101767270538954
0.08366414337552454
3.141592653589793
0.0849912404575717
-3.141592653589793
0.08880842265987693
-3.1101767270538954
0.09001832320386796
-3.078760800517997
0.091275941618183
-3.0473448739820994
0.09258207957463685
-3.015928947446201
0.09393755991369324
-2.9845130209103035
0.09534322379749201
-2.9530970943744053
0.0967999276532735
-2.921681167838508
0.09830853988911417
-2.8902652413026098
0.09986993736360854
-2.858849314766712
0.10148500159095111
-2.827433388230814
0.10315461466280997
-2.796017461694916
0.10487965486845142
-2.764601535159018
0.10666099199479559
-2.73318560862312
0.10849948228847332
-2.701769682087222
0.11039596306254021
-2.670353755551324
0.11235124693130069
-2.638937829015426
0.11436611565773629
-2.607521902479528
0.11644131359933337
-2.57610597594363
0.11857754073969831
-2.5446900494077327
0.12077544529525647
-2.5132741228718345
0.12303561588857967
-2.4818581963359367
0.12535857328250172
-2.4504422698000385
0.12774476167219462
-2.419026343264141
0.1301945395357861
-2.3876104167282426
0.13270817004797
-2.356194490192345
0.13528581106536428
-2.324778563656447
0.13792750469715037
-2.293362637120549
0.14063316647978694
-2.261946710584651
0.1434025741803304
-2.230530784048753
0.14623535625912135
-2.199114857512855
0.1491309800292929
-2.167698930976957
0.1520887395577152
-2.1362830044410597
0.1551077433595809
-2.1048670779051615
0.15818690194682267
-2.0734511513692637
0.1613249152988904
-2.0420352248333655
0.16452026033304648
-2.0106192982974678
0.16777117846018122
-1.9792033717615696
0.17107566332113477
-1.9477874452256718
0.17443144880756586
-1.9163715186897738
0.17783599748004023
-1.8849555921538759
0.18128648950567883
-1.853539665617978
0.18477981224447038
-1.82212373908208
0.18831255062286398
-1.790707812546182
0.19188097843950144
-1.7592918860102844
0.19548105075425493
-1.7278759594743864
0.19910839751796058
-1.6964600329384885
0.20275831860278015
-1.6650441064025905
0.20642578039705756
-1.6336281798666925
0.2101054141287432
-1.6022122533307945
0.21379151608075478
-1.5707963267948966
0.21747804985863825
-1.5393804002589986
0.22115865086568567
-1.5079644737231006
0.22482663313304832
-1.4765485471872026
0.2284749986422135
-1.4451326206513049
0.23209644926437165
-1.413716694115407
0.23568340142558888
-1.382300767579509
0.23922800358827936
-1.350884841043611
0.24272215661822297
-1.319468914507713
0.24615753708234345
-1.288052987971815
0.24952562349573648
-1.2566370614359172
0.25281772550717696
-1.2252211349000193
0.2560250159807295
-1.1938052083641213
0.25913856589742623
-1.1623892818282235
0.2621493819656282
-1.1309733552923256
0.26504844679161543
-1.0995574287564276
0.2678267614253147
-1.0681415022205298
0.27047539005649585
-1.0367255756846319
0.2729855066004845
-1.0053096491487339
0.27534844287453153
-0.9738937226128359
0.27755573803065414
-0.9424777960769379
0.2795991888772053
-0.91106186954104
0.28147090069065994
-0.8796459430051422
0.2831633380917643
-0.8482300164692442
0.28466937553947685
-0.8168140899333463
0.2859823469599302
-0.7853981633974483
0.2870960940636826
-0.7539822368615503
0.2880050128315605
-0.7225663103256524
0.2887040976719795
-0.6911503837897545
0.2891889828085375
-0.6597344572538565
0.28945598038553366
-0.6283185307179586
0.28950211485514343
-0.5969026041820606
0.2893251532165233
-0.5654866776461628
0.2889236307127926
-0.5340707511102649
0.2882968716313339
-0.5026548245743669
0.2874450048985229
-0.47123889803846897
0.28636897421131524
-0.4398229715025711
0.2850705425044206
-0.4084070449666731
0.28355229061232595
-0.37699111843077515
0.2818176100492929
-0.34557519189487723
0.2798706898967106
-0.3141592653589793
0.27771649785477603
-0.2827433388230814
0.2753607555833269
-0.25132741228718347
0.272809908523667
-0.21991148575128555
0.2700710904582715
-0.18849555921538758
0.2671520831272593
-0.15707963267948966
0.264061271278431
-0.12566370614359174
0.2608075935805028
-0.09424777960769379
0.2574004898760586
-0.06283185307179587
0.2538498452908972
-0.031415926535897934
0.25016593174923846
0.
0.24635934746916638
0.031415926535897934
0.24244095502937765
0.06283185307179587
0.23842181860657424
0.09424777960769379
0.2343131409826747
0.12566370614359174
0.23012620091253727
0.15707963267948966
0.2258722914263908
0.18849555921538758
0.22156265961708232
0.21991148575128555
0.2172084484311515
0.25132741228718347
0.21282064094530645
0.2827433388230814
0.20841000756691302
0.3141592653589793
0.2039870565494668
0.34557519189487723
0.19956198816264398
0.37699111843077515
0.19514465280237278
0.4084070449666731
0.1907445132704311
0.4398229715025711
0.18637061139631705
0.47123889803846897
0.1820315391175196
0.5026548245743669
0.1777354140787306
0.5340707511102649
0.17348985975682932
0.5654866776461628
0.16930199006739904
0.5969026041820606
0.16517839836077303
0.6283185307179586
0.16112515067172886
0.6597344572538565
0.15714778304741966
0.6911503837897545
0.15325130274331922
0.7225663103256524
0.1494401930471
0.7539822368615503
0.14571842146561803
0.7853981633974483
0.14208945099057907
0.8168140899333463
0.1385562541439546
0.8482300164692442
0.13512132949466102
0.8796459430051422
0.1317867203331929
0.91106186954104
0.12855403519051892
0.9424777960769379
0.12542446989126993
0.9738937226128359
0.12239883083867625
1.0053096491487339
0.11947755923943436
1.0367255756846319
0.11666075599024985
1.0681415022205298
0.11394820696377145
1.0995574287564276
0.11133940844953714
1.1309733552923256
0.10883359252496301
1.1623892818282235
0.10642975215188277
1.1938052083641213
0.10412666581529352
1.2252211349000193
0.10192292154239876
1.2566370614359172
0.09981694016142685
1.288052987971815
0.09780699768073342
1.319468914507713
0.09589124668909867
1.350884841043611
0.09406773669768419
1.382300767579509
0.09233443336262172
1.413716694115407
0.09068923654452142
1.4451326206513049
0.08912999717719457
1.4765485471872026
0.08765453293250443
1.5079644737231006
0.0862606426814417
1.5393804002589986
0.08494611976324837
1.5707963267948966
0.08370876408469198
1.6022122533307945
0.08254639308045102
1.6336281798666925
0.08145685157305677
1.6650441064025905
0.08043802057701369
1.6964600329384885
0.07948782509666293
1.7278759594743864
0.07860424097114731
1.7592918860102844
0.07778530082257439
1.790707812546182
0.07702909916525058
1.82212373908208
0.07633379673477383
1.853539665617978
0.07569762409592162
1.8849555921538759
0.07511888458775104
1.9163715186897738
0.07459595666323096
1.9477874452256718
0.07412729567914325
1.9792033717615696
0.07371143518999924
2.0106192982974678
0.07334698779740237
2.0420352248333655
0.07303264560371348
2.0734511513692637
0.07276718031610108
2.1048670779051615
0.07254944304422412
2.1362830044410597
0.07237836383161787
2.167698930976957
0.07225295095814308
2.199114857512855
0.07217229004753248
2.230530784048753
0.07213554301125191
2.261946710584651
0.07214194685690313
2.293362637120549
0.07219081238655084
2.324778563656447
0.07228152280759836
2.356194490192345
0.0724135322761924
2.3876104167282426
0.07258636439061035
2.419026343264141
0.07279961064968112
2.4504422698000385
0.07305292888901875
2.4818581963359367
0.07334604170570225
2.5132741228718345
0.07367873488001742
2.5446900494077327
0.07405085580098236
2.57610597594363
0.07446231190060214
2.607521902479528
0.07491306910013697
2.638937829015426
0.07540315027010978
2.670353755551324
0.07593263370432488
2.701769682087222
0.07650165160680135
2.73318560862312
0.07711038858924502
2.764601535159018
0.07775908017547653
2.796017461694916
0.07844801130809724
2.827433388230814
0.0791775148515988
2.858849314766712
0.07994797008510328
2.8902652413026098
0.08075980117694811
2.921681167838508
0.08161347563240261
2.9530970943744053
0.08250950270491245
2.9845130209103035
0.08344843176041394
3.015928947446201
0.08443085058343353
3.0473448739820994
0.08545738361289569
3.078760800517997
0.08652869009479301
3.1101767270538954
0.08764546213813447
3.141592653589793
0.08880842265987693
-3.141592653589793
0.09343621571952584
-3.1101767270538954
0.09445554371915305
-3.078760800517997
0.09551923056767082
-3.0473448739820994
0.09662768484419292
-3.015928947446201
0.09778133004096667
-2.9845130209103035
0.0989806019776069
-2.9530970943744053
0.10022594606588543
-2.921681167838508
0.10151781441622412
-2.8902652413026098
0.10285666277698724
-2.858849314766712
0.10424294729770835
-2.827433388230814
0.10567712110751949
-2.796017461694916
0.10715963070028878
-2.764601535159018
0.1086909121183223
-2.73318560862312
0.11027138692695929
-2.701769682087222
0.11190145797299196
-2.670353755551324
0.11358150492058613
-2.638937829015426
0.11531187955927423
-2.607521902479528
0.1170929008796474
-2.57610597594363
0.11892484991360021
-2.5446900494077327
0.12080796433738754
-2.5132741228718345
0.12274243283734827
-2.4818581963359367
0.12472838923994221
-2.4504422698000385
0.1267659064097428
-2.419026343264141
0.1288549899212344
-2.3876104167282426
0.13099557151268243
-2.356194490192345
0.13318750233298277
-2.324778563656447
0.13543054599524915
-2.293362637120549
0.13772437145396654
-2.261946710584651
0.14006854572581545
-2.230530784048753
0.1424625264777501
-2.199114857512855
0.14490565450957846
-2.167698930976957
0.14739714616213295
-2.1362830044410597
0.14993608568610634
-2.1048670779051615
0.15252141761074603
-2.0734511513692637
0.15515193915580971
-2.0420352248333655
0.15782629273445808
-2.0106192982974678
0.16054295859904893
-1.9792033717615696
0.1633002476860671
-1.9477874452256718
0.16609629472060322
-1.9163715186897738
0.16892905164485178
-1.8849555921538759
0.1717962814389467
-1.853539665617978
0.17469555240603987
-1.82212373908208
0.17762423299677854
-1.790707812546182
0.18057948725117
-1.7592918860102844
0.18355827093819993
-1.7278759594743864
0.18655732847511125
-1.6964600329384885
0.18957319071001305
-1.6650441064025905
0.1926021736508123
-1.6336281798666925
0.1956403782240159
-1.6022122533307945
0.19868369114501405
-1.5707963267948966
0.20172778697931168
-1.5393804002589986
0.20476813147077322
-1.5079644737231006
0.20779998620846366
-1.4765485471872026
0.21081841469803084
-1.4451326206513049
0.21381828989673807
-1.413716694115407
0.21679430326320134
-1.382300767579509
0.2197409753635987
-1.350884841043611
0.2226526680656096
-1.319468914507713
0.22552359833963656
-1.288052987971815
0.2283478536740076
-1.2566370614359172
0.23111940909692577
-1.2252211349000193
0.23383214578300984
-1.1938052083641213
0.23647987120648042
-1.1623892818282235
0.2390563407865161
-1.1309733552923256
0.24155528095320863
-1.0995574287564276
0.2439704135450546
-1.0681415022205298
0.2462954814312493
-1.0367255756846319
0.24852427523440565
-1.0053096491487339
0.2506506610119664
-0.9738937226128359
0.2526686087377332
-0.9424777960769379
0.25457222140889774
-0.91106186954104
0.2563557645894803
-0.8796459430051422
0.25801369618383346
-0.8482300164692442
0.25954069623247805
-0.8168140899333463
0.2609316964934796
-0.7853981633974483
0.26218190958886217
-0.7539822368615503
0.2632868574604279
-0.7225663103256524
0.2642423989088453
-0.6911503837897545
0.2650447559607833
-0.6597344572538565
0.26569053882710125
-0.6283185307179586
0.266176769214953
-0.5969026041820606
0.26650090176538166
-0.5654866776461628
0.26666084339892404
-0.5340707511102649
0.2666549703656173
-0.5026548245743669
0.2664821428124924
-0.47123889803846897
0.26614171670102416
-0.4398229715025711
0.2656335529288876
-0.4084070449666731
0.2649580235345203
-0.37699111843077515
0.2641160148891205
-0.34557519189487723
0.2631089278085135
-0.3141592653589793
0.26193867454643205
-0.2827433388230814
0.2606076726607948
-0.25132741228718347
0.25911883577513806
-0.21991148575128555
0.25747556128801957
-0.18849555921538758
0.2556817151135513
-0.15707963267948966
0.253741613565798
-0.12566370614359174
0.25166000252817344
-0.09424777960769379
0.24944203407578158
-0.06283185307179587
0.2470932407432389
-0.031415926535897934
0.24461950765467572
0.
0.24202704274784487
0.031415926535897934
0.23932234534860616
0.06283185307179587
0.23651217335894695
0.09424777960769379
0.23360350933622864
0.12566370614359174
0.23060352574726367
0.15707963267948966
0.2275195496847008
0.18849555921538758
0.22435902733343965
0.21991148575128555
0.22112948847163968
0.25132741228718347
0.21783851128443837
0.2827433388230814
0.2144936877589209
0.3141592653589793
0.21110258991638745
0.34557519189487723
0.2076727371228083
0.37699111843077515
0.2042115647008158
0.4084070449666731
0.20072639404698342
0.4398229715025711
0.1972244044368211
0.47123889803846897
0.19371260667722348
0.5026548245743669
0.1901978187424204
0.5340707511102649
0.186686643505145
0.5654866776461628
0.18318544865013173
0.5969026041820606
0.17970034883251715
0.6283185307179586
0.1762371901195868
0.6597344572538565
0.17280153673088675
0.6911503837897545
0.169398660069289
0.7225663103256524
0.16603353001441382
0.7539822368615503
0.16271080843008623
0.7853981633974483
0.15943484481942127
0.8168140899333463
0.156209674044839
0.8482300164692442
0.15303901601591224
0.8796459430051422
0.14992627723552557
0.91106186954104
0.14687455408440056
0.9424777960769379
0.14388663771563684
0.9738937226128359
0.14096502042448955
1.0053096491487339
0.13811190335410972
1.0367255756846319
0.13532920539532034
1.0681415022205298
0.13261857313759884
1.0995574287564276
0.1299813917291524
1.1309733552923256
0.127418796506183
1.1623892818282235
0.12493168525498302
1.1938052083641213
0.12252073097524374
1.2252211349000193
0.12018639501871832
1.2566370614359172
0.11792894048401754
1.288052987971815
0.11574844575565724
1.319468914507713
0.11364481808337427
1.350884841043611
0.11161780710603442
1.382300767579509
0.10966701823302483
1.413716694115407
0.10779192580473387
1.4451326206513049
0.10599188596244294
1.4765485471872026
0.1042661491665893
1.5079644737231006
0.10261387231080144
1.5393804002589986
0.101034130387282
1.5707963267948966
0.09952592766694324
1.6022122533307945
0.09808820836512933
1.6336281798666925
0.0967198667707386
1.6650441064025905
0.09541975682305541
1.6964600329384885
0.09418670112658663
1.7278759594743864
0.0930194993996585
1.7592918860102844
0.09191693635745643
1.790707812546182
0.09087778903458847
1.82212373908208
0.08990083355612428
1.853539665617978
0.08898485136942637
1.8849555921538759
0.08812863495196147
1.9163715186897738
0.0873309930126849
1.9477874452256718
0.08659075520655347
1.9792033717615696
0.08590677638327025
2.0106192982974678
0.08527794039253227
2.0420352248333655
0.08470316346886458
2.0734511513692637
0.08418139721961966
2.1048670779051615
0.08371163123992434
2.1362830044410597
0.08329289537830721
2.167698930976957
0.0829242616764532
2.199114857512855
0.08260484600606682
2.230530784048753
0.08233380942515815
2.261946710584651
0.08211035927528648
2.293362637120549
0.0819337500403722
2.324778563656447
0.08180328398667457
2.356194490192345
0.08171831160243775
2.3876104167282426
0.08167823185455322
2.419026343264141
0.0816824922783856
2.4504422698000385
0.08173058891568011
2.4818581963359367
0.08182206611422291
2.5132741228718345
0.0819565162016722
2.5446900494077327
0.08213357904472932
2.57610597594363
0.08235294150357954
2.607521902479528
0.08261433679031525
2.638937829015426
0.08291754373885538
2.670353755551324
0.08326238599271023
2.701769682087222
0.08364873111580334
2.73318560862312
0.08407648963046316
2.764601535159018
0.0845456139856311
2.796017461694916
0.08505609745730958
2.827433388230814
0.0856079729822846
2.858849314766712
0.08620131192521385
2.8902652413026098
0.08683622277826364
2.921681167838508
0.08751284979161572
2.9530970943744053
0.08823137153233979
2.9845130209103035
0.08899199936801998
3.015928947446201
0.08979497587341491
3.0473448739820994
0.09064057314852324
3.078760800517997
0.0915290910542029
3.1101767270538954
0.09246085534785169
3.141592653589793
0.09343621571952584
-3.141592653589793
0.09891806426030234
-3.1101767270538954
0.09974697521757475
-3.078760800517997
0.10061760249559747
-3.0473448739820994
0.10153009260988842
-3.015928947446201
0.10248460141748324
-2.9845130209103035
0.10348129203183003
-2.9530970943744053
0.1045203326196564
-2.921681167838508
0.10560189407651534
-2.8902652413026098
0.10672614757773491
-2.858849314766712
0.10789326200157384
-2.827433388230814
0.10910340122153679
-2.796017461694916
0.11035672126502508
-2.764601535159018
0.1116533673358009
-2.73318560862312
0.11299347069812637
-2.701769682087222
0.1143771454209084
-2.670353755551324
0.11580448498074086
-2.638937829015426
0.11727555872339235
-2.607521902479528
0.11879040818403877
-2.57610597594363
0.1203490432673978
-2.5446900494077327
0.12195143828988159
-2.5132741228718345
0.1235975278869508
-2.4818581963359367
0.125287202790032
-2.4504422698000385
0.1270203054786453
-2.419026343264141
0.12879662571478792
-2.3876104167282426
0.13061589596812573
-2.356194490192345
0.13247778674215957
-2.324778563656447
0.13438190181325207
-2.293362637120549
0.1363277733962179
-2.261946710584651
0.13831485725209106
-2.230530784048753
0.1403425277556793
-2.199114857512855
0.14241007294258312
-2.167698930976957
0.14451668955749014
-2.1362830044410597
0.14666147812773409
-2.1048670779051615
0.1488434380883195
-2.0734511513692637
0.1510614629868345
-2.0420352248333655
0.1533143357988906
-2.0106192982974678
0.1556007243869084
-1.9792033717615696
0.15791917713719303
-1.9477874452256718
0.1602681188122796
-1.9163715186897738
0.162645846657449
-1.8849555921538759
0.16505052680208707
-1.853539665617978
0.16748019099814512
-1.82212373908208
0.16993273373933182
-1.790707812546182
0.17240590980577702
-1.7592918860102844
0.17489733227972828
-1.7278759594743864
0.17740447107832977
-1.6964600329384885
0.17992465204964983
-1.6650441064025905
0.18245505667783685
-1.6336281798666925
0.18499272244255213
-1.6022122533307945
0.18753454387662227
-1.5707963267948966
0.19007727436416
-1.5393804002589986
0.19261752871900367
-1.5079644737231006
0.19515178658096835
-1.4765485471872026
0.197676396663274
-1.4451326206513049
0.2001875818812794
-1.413716694115407
0.20268144538764563
-1.382300767579509
0.20515397753403727
-1.350884841043611
0.20760106377369894
-1.319468914507713
0.2100184935129384
-1.288052987971815
0.21240196991269025
-1.2566370614359172
0.2147471206339834
-1.2252211349000193
0.21704950951332305
-1.1938052083641213
0.21930464914578518
-1.1623892818282235
0.22150801434507747
-1.1309733552923256
0.22365505644101333
-1.0995574287564276
0.22574121836592687
-1.0681415022205298
0.22776195047209688
-1.0367255756846319
0.2297127270143594
-1.0053096491487339
0.2315890632213292
-0.9738937226128359
0.2333865328717569
-0.9424777960769379
0.23510078628321066
-0.91106186954104
0.23672756861276512
-0.8796459430051422
0.2382627383621014
-0.8482300164692442
0.23970228597290325
-0.8168140899333463
0.24104235239275337
-0.7853981633974483
0.24227924748699273
-0.7539822368615503
0.2434094681681236
-0.7225663103256524
0.24442971611316344
-0.6911503837897545
0.24533691493390522
-0.6597344572538565
0.24612822667188292
-0.6283185307179586
0.24680106748430383
-0.5969026041820606
0.2473531223940126
-0.5654866776461628
0.24778235897929402
-0.5340707511102649
0.24808703988502495
-0.5026548245743669
0.248265734043574
-0.47123889803846897
0.2483173265020798
-0.4398229715025711
0.24824102676224635
-0.4084070449666731
0.24803637554950161
-0.37699111843077515
0.2477032499401672
-0.34557519189487723
0.24724186678806725
-0.3141592653589793
0.24665278440562213
-0.2827433388230814
0.2459369024686498
-0.25132741228718347
0.24509546012980238
-0.21991148575128555
0.24413003233818933
-0.18849555921538758
0.24304252438223284
-0.15707963267948966
0.24183516468407448
-0.12566370614359174
0.2405104958913348
-0.09424777960769379
0.23907136432596915
-0.06283185307179587
0.23752090786420096
-0.031415926535897934
0.235862542334889
0.
0.2340999465361335
0.031415926535897934
0.23223704598130362
0.06283185307179587
0.23027799549583344
0.09424777960769379
0.22822716079496871
0.12566370614359174
0.22608909918005482
0.15707963267948966
0.22386853949685992
0.18849555921538758
0.221570361503772
0.21991148575128555
0.21919957480046048
0.25132741228718347
0.21676129746874778
0.2827433388230814
0.21426073457700398
0.3141592653589793
0.2117031566974009
0.34557519189487723
0.2090938785818897
0.37699111843077515
0.2064382381378897
0.4084070449666731
0.2037415758384744
0.4398229715025711
0.20100921469444538
0.47123889803846897
0.1982464409072007
0.5026548245743669
0.19545848531188775
0.5340707511102649
0.1926505057101132
0.5654866776461628
0.18982757018061902
0.5969026041820606
0.1869946414449859
0.6283185307179586
0.18415656235373803
0.6597344572538565
0.18131804254635514
0.6911503837897545
0.17848364632680142
0.7225663103256524
0.17565778178439082
0.7539822368615503
0.17284469117826584
0.7853981633974483
0.17004844259259425
0.8168140899333463
0.16727292285889772
0.8482300164692442
0.1645218317318157
0.8796459430051422
0.16179867729517217
0.91106186954104
0.15910677256651098
0.9424777960769379
0.1564492332603707
0.9738937226128359
0.15382897666351206
1.0053096491487339
0.1512487215691314
1.0367255756846319
0.14871098921179834
1.0681415022205298
0.14621810514045452
1.0995574287564276
0.1437722019632932
1.1309733552923256
0.1413752228956805
1.1623892818282235
0.13902892604045702
1.1938052083641213
0.1367348893289268
1.2252211349000193
0.13449451605055712
1.2566370614359172
0.13230904089982398
1.288052987971815
0.13017953646968458
1.319468914507713
0.12810692012278332
1.350884841043611
0.126091961173632
1.382300767579509
0.12413528831758955
1.413716694115407
0.12223739724543103
1.4451326206513049
0.12039865838558053
1.4765485471872026
0.11861932471962064
1.5079644737231006
0.11689953962042597
1.5393804002589986
0.11523934466614001
1.5707963267948966
0.1136386873871703
1.6022122533307945
0.11209742890736742
1.6336281798666925
0.11061535144453193
1.6650441064025905
0.10919216563932069
1.6964600329384885
0.10782751768546124
1.7278759594743864
0.10652099623790132
1.7592918860102844
0.10527213907909044
1.790707812546182
0.10408043952699043
1.82212373908208
0.1029453525716231
1.853539665617978
0.10186630072997199
1.8849555921538759
0.10084267961185049
1.9163715186897738
0.09987386319192283
1.9477874452256718
0.0989592087854177
1.9792033717615696
0.09809806172719858
2.0106192982974678
0.09728975975576148
2.0420352248333655
0.09653363710541467
2.0734511513692637
0.09582902831136955
2.1048670779051615
0.09517527173373933
2.1362830044410597
0.09457171280751618
2.167698930976957
0.09401770702648418
2.199114857512855
0.09351262266973885
2.230530784048753
0.09305584328003359
2.261946710584651
0.09264676990357228
2.293362637120549
0.09228482310112628
2.324778563656447
0.0919694447404875
2.356194490192345
0.09170009958028447
2.3876104167282426
0.09147627665510384
2.419026343264141
0.09129749047167933
2.4504422698000385
0.09116328202564947
2.4818581963359367
0.09107321964805516
2.5132741228718345
0.09102689969035223
2.5446900494077327
0.09102394705627011
2.57610597594363
0.0910640155883567
2.607521902479528
0.09114678831652419
2.638937829015426
0.09127197757535585
2.670353755551324
0.09143932499635707
2.701769682087222
0.09164860138074238
2.73318560862312
0.09189960645774767
2.764601535159018
0.09219216853284942
2.796017461694916
0.0925261440296752
2.827433388230814
0.09290141692871107
2.858849314766712
0.09331789810557627
2.8902652413026098
0.09377552457057127
2.921681167838508
0.09427425861116047
2.9530970943744053
0.09481408683816595
2.9845130209103035
0.0953950191360387
3.015928947446201
0.09601708751705167
3.0473448739820994
0.09668034487878237
3.078760800517997
0.09738486366380542
3.1101767270538954
0.09813073442010065
3.141592653589793
0.09891806426030234
-3.141592653589793
0.10481207737731539
-3.1101767270538954
0.10547060522770767
-3.078760800517997
0.10616822108255507
-3.0473448739820994
0.1069049182627825
-3.015928947446201
0.10768069397723448
-2.9845130209103035
0.10849554776342828
-2.9530970943744053
0.10934947983056455
-2.921681167838508
0.1102424893043972
-2.8902652413026098
0.11117457237361977
-2.858849314766712
0.11214572033752394
-2.827433388230814
0.1131559175548318
-2.796017461694916
0.11420513929379517
-2.764601535159018
0.1152933494838992
-2.73318560862312
0.1164204983698054
-2.701769682087222
0.11758652006851739
-2.670353755551324
0.11879133003116425
-2.638937829015426
0.12003482241125983
-2.607521902479528
0.12131686734182252
-2.57610597594363
0.12263730812432817
-2.5446900494077327
0.12399595833311386
-2.5132741228718345
0.1253925988395608
-2.4818581963359367
0.1268269747611556
-2.4504422698000385
0.12829879234135794
-2.419026343264141
0.12980771576709382
-2.3876104167282426
0.13135336393164063
-2.356194490192345
0.13293530715166865
-2.324778563656447
0.1345530638482581
-2.293362637120549
0.13620609720280455
-2.261946710584651
0.13789381179986573
-2.230530784048753
0.13961555027017272
-2.199114857512855
0.1413705899482282
-2.167698930976957
0.14315813956012982
-2.1362830044410597
0.14497733591136508
-2.1048670779051615
0.14682724092248886
-2.0734511513692637
0.14870683804250814
-2.0420352248333655
0.15061502970957177
-2.0106192982974678
0.15255063423146636
-1.9792033717615696
0.15451238309809642
-1.9477874452256718
0.15649891841984395
-1.9163715186897738
0.15850879056357106
-1.8849555921538759
0.16054045601172895
-1.853539665617978
0.1625922754707304
-1.82212373908208
0.16466251225529513
-1.790707812546182
0.16674933097586228
-1.7592918860102844
0.16885079655637444
-1.7278759594743864
0.17096487360973972
-1.6964600329384885
0.17308942619806822
-1.6650441064025905
0.17522221800432777
-1.6336281798666925
0.1773609129413611
-1.6022122533307945
0.17950307622323447
-1.5707963267948966
0.18164617592263338
-1.5393804002589986
0.1837875850364729
-1.5079644737231006
0.18592458408003842
-1.4765485471872026
0.1880543642278107
-1.4451326206513049
0.19017403101665661
-1.413716694115407
0.19228060862427943
-1.382300767579509
0.194371044732724
-1.350884841043611
0.1964422159833403
-1.319468914507713
0.19849093402591583
-1.288052987971815
0.200513952160733
-1.2566370614359172
0.20250797256809344
-1.2252211349000193
0.2044696541154156
-1.1938052083641213
0.2063956207273775
-1.1623892818282235
0.2082824702997835
-1.1309733552923256
0.21012678413291708
-1.0995574287564276
0.2119251368551498
-1.0681415022205298
0.21367410680255
-1.0367255756846319
0.21537028681523157
-1.0053096491487339
0.21701029540625558
-0.9738937226128359
0.21859078825409425
-0.9424777960769379
0.2201084699650619
-0.91106186954104
0.22156010604775067
-0.8796459430051422
0.22294253503745973
-0.8482300164692442
0.2242526807049161
-0.8168140899333463
0.22548756428032365
-0.7853981633974483
0.2266443166209941
-0.7539822368615503
0.22772019024856155
-0.7225663103256524
0.22871257118004637
-0.6911503837897545
0.22961899047642723
-0.6597344572538565
0.23043713543065192
-0.6283185307179586
0.2311648603195406
-0.5969026041820606
0.23180019664281148
-0.5654866776461628
0.23234136277552472
-0.5340707511102649
0.2327867729622523
-0.5026548245743669
0.23313504558452955
-0.47123889803846897
0.23338501063703887
-0.4398229715025711
0.2335357163525608
-0.4084070449666731
0.23358643492096923
-0.37699111843077515
0.23353666725340194
-0.34557519189487723
0.2333861467491632
-0.3141592653589793
0.23313484202983512
-0.2827433388230814
0.23278295861244747
-0.25132741228718347
0.23233093950118536
-0.21991148575128555
0.23177946468577929
-0.18849555921538758
0.23112944954103887
-0.15707963267948966
0.23038204213343286
-0.12566370614359174
0.2295386194459096
-0.09424777960769379
0.22860078254224167
-0.06283185307179587
0.2275703506997066
-0.031415926535897934
0.22644935454687
0.
0.22524002825076755
0.031415926535897934
0.22394480080489407
0.06283185307179587
0.22256628647602172
0.09424777960769379
0.22110727447390902
0.12566370614359174
0.21957071791337893
0.15707963267948966
0.21795972214296125
0.18849555921538758
0.2162775325182958
0.21991148575128555
0.21452752170170944
0.25132741228718347
0.21271317657181613
0.2827433388230814
0.21083808482861324
0.3141592653589793
0.20890592138035818
0.34557519189487723
0.2069204345985186
0.37699111843077515
0.20488543252630664
0.4084070449666731
0.20280476912476214
0.4398229715025711
0.20068233063807847
0.47123889803846897
0.19852202215690504
0.5026548245743669
0.1963277544547718
0.5340707511102649
0.19410343116861126
0.5654866776461628
0.19185293638967357
0.5969026041820606
0.18958012272600203
0.6283185307179586
0.1872887998921338
0.6597344572538565
0.18498272387588086
0.6911503837897545
0.18266558672601121
0.7225663103256524
0.18034100699845557
0.7539822368615503
0.17801252089238284
0.7853981633974483
0.17568357410119897
0.8168140899333463
0.1733575143972776
0.8482300164692442
0.1710375849631084
0.8796459430051422
0.16872691847559454
0.91106186954104
0.16642853194450802
0.9424777960769379
0.16414532230066245
0.9738937226128359
0.16188006272422872
1.0053096491487339
0.15963539969884408
1.0367255756846319
0.15741385077276476
1.0681415022205298
0.15521780300432328
1.0995574287564276
0.15304951206538064
1.1309733552923256
0.15091110197332966
1.1623892818282235
0.14880456541950302
1.1938052083641213
0.1467317646595803
1.2252211349000193
0.1446944329297551
1.2566370614359172
0.14269417635101345
1.288052987971815
0.14073247628286875
1.319468914507713
0.1388106920872816
1.350884841043611
0.1369300642632401
1.382300767579509
0.13509171791256683
1.413716694115407
0.1332966664979244
1.4451326206513049
0.13154581585468345
1.4765485471872026
0.12983996841926962
1.5079644737231006
0.12817982763778807
1.5393804002589986
0.12656600252010256
1.5707963267948966
0.12499901230609914
1.6022122533307945
0.12347929121255516
1.6336281798666925
0.12200719323083929
1.6650441064025905
0.1205829969475604
1.6964600329384885
0.11920691036223406
1.7278759594743864
0.11787907567802572
1.7592918860102844
0.1165995740436328
1.790707812546182
0.11536843022636703
1.82212373908208
0.11418561719847335
1.853539665617978
0.11305106062065627
1.8849555921538759
0.1119646432086658
1.9163715186897738
0.11092620897060793
1.9477874452256718
0.1099355673043811
1.9792033717615696
0.10899249694629062
2.0106192982974678
0.10809674976344814
2.0420352248333655
0.10724805438402327
2.0734511513692637
0.10644611966076933
2.1048670779051615
0.10569063796449578
2.1362830044410597
0.10498128830530586
2.167698930976957
0.10431773928045684
2.199114857512855
0.10369965184863411
2.230530784048753
0.10312668193126259
2.261946710584651
0.10259848284221032
2.293362637120549
0.10211470754787312
2.324778563656447
0.1016750107601724
2.356194490192345
0.1012790508654518
2.3876104167282426
0.10092649169262824
2.419026343264141
0.10061700412424654
2.4504422698000385
0.10035026755430417
2.4818581963359367
0.10012597119686567
2.5132741228718345
0.09994381524957449
2.5446900494077327
0.0998035119162021
2.57610597594363
0.09970478629235517
2.607521902479528
0.09964737711839658
2.638937829015426
0.09963103740352752
2.670353755551324
0.09965553492483763
2.701769682087222
0.09972065260495393
2.73318560862312
0.0998261887717093
2.764601535159018
0.0999719573030982
2.796017461694916
0.1001577876603508
2.827433388230814
0.10038352481200814
2.858849314766712
0.10064902905133119
2.8902652413026098
0.1009541757092681
2.921681167838508
0.10129885476488065
2.9530970943744053
0.10168297035486838
2.9845130209103035
0.10210644018356037
3.015928947446201
0.10256919483448738
3.0473448739820994
0.10307117698439852
3.078760800517997
0.10361234052035151
3.1101767270538954
0.10419264956028926
3.141592653589793
0.10481207737731539