   7.0097182e-01   6.8159224e-01   6.4606353e-01
   6.5205060e-01   6.5592112e-01   6.4425639e-01
   6.2758167e-01   6.9801260e-01   6.6980667e-01
   6.6350277e-01   6.4896452e-01   6.4183502e-01
   6.4571003e-01   6.4711891e-01   6.6081262e-01
   6.4536556e-01   6.6601778e-01   6.6535176e-01
   6.4345700e-01   6.3535034e-01   6.5789106e-01
   6.7594695e-01   6.6314559e-01   6.4064895e-01
   6.7821894e-01   6.5774115e-01   6.5855719e-01
   6.5891658e-01   6.7155514e-01   6.3934884e-01
   6.8549613e-01   6.5636532e-01   6.6414232e-01
   6.7560435e-01   6.8038864e-01   6.4523029e-01
   6.7982186e-01   6.4397828e-01   7.0881876e-01
   6.6560435e-01   6.8038864e-01   6.4523029e-01
