   7.2171340e-01   6.8599255e-01   6.4374188e-01
   6.4652396e-01   5.6435249e-01   6.1835923e-01
   7.0048098e-01   6.6032002e-01   6.3241821e-01
   6.4564657e-01   6.6132163e-01   5.9358054e-01
   6.4522584e-01   6.0503789e-01   6.0707107e-01
   7.2645910e-01   6.0913035e-01   6.6814031e-01
   6.5650485e-01   7.1569985e-01   6.4919106e-01
   7.2166783e-01   6.8846406e-01   6.1414079e-01
   7.1367986e-01   7.3643471e-01   6.7963691e-01
   7.4328093e-01   6.0703113e-01   6.4840911e-01
   7.3897515e-01   7.3106513e-01   6.2291958e-01
   7.3148598e-01   7.4349826e-01   6.4434053e-01
   6.6429824e-01   6.3374603e-01   6.7575458e-01
   7.4113072e-01   6.4514374e-01   6.4820020e-01
   6.7817888e-01   6.1239153e-01   6.1882019e-01
   7.0438424e-01   6.8269983e-01   6.7189380e-01
   6.7616137e-01   6.8862351e-01   6.7769806e-01
   6.7387221e-01   6.6555319e-01   6.8899965e-01
   6.6637298e-01   6.8923549e-01   6.7871058e-01
   7.1203462e-01   7.0766243e-01   6.2184000e-01
   6.3799190e-01   6.3808549e-01   5.6665343e-01
   6.8531681e-01   6.8101598e-01   6.1018265e-01
