   6.4832129e-01   7.9281358e-01   6.2907619e-01
   7.4662706e-01   7.9697267e-01   6.4965023e-01
   8.0263839e-01   6.9998432e-01   6.5899738e-01
   7.6714605e-01   8.7010538e-01   7.1481951e-01
   7.5146864e-01   8.7193467e-01   6.8566021e-01
   6.3283422e-01   7.2824435e-01   6.2566623e-01
   6.3842223e-01   8.4015371e-01   6.3310953e-01
   6.9254854e-01   8.7706229e-01   6.4179762e-01
   6.7306374e-01   7.9500126e-01   7.0633201e-01
   7.5682515e-01   7.9890108e-01   5.7677067e-01
